3.613
7.5017
-4.7765
4.5865
2.9563
-1.9231
0.69922
3.0279
12.735
10.308
-2.0497
11.105
4.1762
1.8108
4.1442
1.3851
1.6276
6.4691
6.2271
6.2516
4.0145
-1.6225
4.1517
6.8907
3.4667
5.1041
4.1807
1.0897
2.8816
-0.36185
4.6652
-1.4412
-1.2066
-0.4285
-6.8329
6.3151
2.9756
-0.26478
6.1109
-3.1345
1.6933
1.2757
2.9576
2.9386
-0.59464
1.9098
1.5054
3.8831
5.2798
5.3278
-0.59096
2.2321
-1.6424
-1.3405
1.9795
6.5979
-0.309
3.1141
1.3232
5.3521
-1.2672
2.0977
3.6576
5.3018
6.6326
2.2578
-2.4748
-0.22691
-1.1847
9.0514
0.15319
4.2442
1.4227
4.6658
-0.29455
-2.2068
-2.2671
3.4646
1.4679
1.4118
6.2579
2.8748
2.5934
6.7631
-0.4134
4.0899
4.5053
1.2689
2.647
-1.4975
-1.4439
2.3146
4.1668
9.7565
-0.00067201
2.562
1.7525
-3.7991
0.6831
-3.384
4.5211
-0.6641
2.3003
0.36641
2.9106
0.19902
3.4699
4.2181
7.1357
1.4176
-4.4151
-0.51877
6.0638
-1.2165
4.8829
2.3721
6.3101
-3.8827
1.4069
-1.6235
10.724
4.4757
6.1369
-1.1745
0.59415
1.1826
5.2953
1.1664
4.1046
-4.1554
0.93845
-0.47076
-2.7312
3.5239
2.846
2.1004
-2.001
5.3825
3.0505
1.1028
2.0687
1.214
-3.2506
1.143
-0.4941
-0.93762
-1.4692
0.39933
-4.0079
4.8927
3.5602
1.9399
1.8957
-0.39449
5.0561
1.6003
-0.14359
6.0542
1.3257
0.23291
1.1187
-0.54378
-1.3604
9.578
6.9665
2.9226
-1.7714
-0.5964
1.4704
4.3742
-1.996
-4.9896
-2.3473
3.0005
3.1741
3.355
1.6091
2.5511
0.57154
4.5861
-2.0851
3.3651
-0.54613
0.99534
3.6584
5.1173
-1.3529
5.782
3.9804
1.7964
1.4143
1.3472
1.0907
2.0691
2.1539
4.4782
6.5809
3.4007
1.3709
3.8756
2.5497
-1.0893
4.8477
2.9212
2.4055
3.5457
2.7842
-0.82446
1.513
1.5618
0.40397
7.0463
-0.62719
0.54855
-0.13601
-1.5226
1.4233
1.1778
6.5902
1.2529
-1.1926
6.8104
5.704
1.3111
-2.5185
0.66612
1.5322
2.8282
1.2165
3.3303
3.1757
-1.752
-0.84388
-0.22332
0.47655
1.0383
2.0374
-7.0875
0.62896
5.7273
-1.2001
4.8012
3.051
1.913
2.5474
-2.6952
1.7464
6.8118
2.295
2.1241
-0.20251
1.9076
2.697
3.2792
0.88157
1.2906
8.0711
-4.7751
8.6883
3.0127
5.0002
-2.9925
0.2299
1.1658
3.2681
-3.0106
3.4149
-1.6385
2.1986
3.9571
2.9812
5.2479
5.0182
0.047277
2.7712
-0.83313
-1.9654
4.7745
2.0001
1.8352
4.7334
3.7838
3.0506
5.7508
4.7894
2.7193
-0.071083
0.045339
5.5763
-2.8355
1.9266
-3.8465
5.0615
4.5851
2.0035
1.7875
-5.4589
3.7435
-4.5773
-4.9578
2.2398
-0.84544
3.2345
4.0309
4.5732
-0.073477
3.3481
2.3019
4.4782
3.6085
4.6937
1.6042
1.5584
5.0233
-4.371
0.48624
-1.8118
0.85225
3.946
4.4772
-1.0448
0.58679
2.4111
1.1244
2.9055
3.1998
-0.78988
1.4695
-4.3963
5.4361
0.11273
-1.6115
1.2382
-2.2859
1.9374
0.31801
8.5333
5.4154
-5.4907
3.324
-2.1944
1.2348
2.4932
4.2432
1.1809
6.7289
0.55719
2.9825
3.9942
2.2556
4.6429
2.9696
-0.35244
-3.4161
7.5758
0.18641
2.3101
3.6895
2.3408
-0.71418
0.59686
1.6253
6.4369
-0.58245
4.354
2.9259
1.2984
-1.1709
1.1476
1.7399
-2.4082
2.5765
-0.46688
1.7173
3.0086
-0.71396
1.1352
3.0502
-3.5076
5.1079
9.2734
4.8782
1.0527
3.2859
-1.108
7.6336
4.8221
4.362
-0.62762
2.9598
0.32512
1.0657
0.28997
-1.0772
-0.72624
1.3703
-3.0966
3.8228
1.6466
4.0975
2.8089
3.4829
-2.4494
-1.0608
0.65901
2.329
5.3862
1.1301
5.7847
3.4263
5.5224
2.3808
0.029552
-2.4442
2.4665
4.4557
1.1222
0.37764
1.0741
-1.2898
0.52097
1.4578
2.1375
1.8087
3.834
2.328
7.442
2.9361
7.4135
-0.16936
3.5796
1.2192
3.8004
3.7818
-4.5581
-1.9811
-2.323
3.2055
6.4106
1.0196
4.437
3.6366
-1.1549
3.1924
-0.25568
6.5488
1.9023
6.908
0.72482
3.7683
1.8116
-4.0659
-0.94639
3.8375
1.8353
-1.3562
0.12086
2.7486
-0.97906
4.9249
0.077871
7.4266
-1.2396
2.5976
-2.5631
-0.17089
0.22025
3.204
4.8264
2.9015
0.88079
4.4465
4.3967
2.3606
3.7137
3.2384
-0.96089
4.2787
0.028396
0.18824
2.5308
1.0775
1.6045
3.7861
5.1405
1.4061
2.983
1.2851
2.6888
3.32
0.1494
2.8245
3.8033
2.2769
7.1895
0.17433
-0.21118
-3.2496
4.7314
4.6012
1.7603
4.6954
2.5511
2.8724
2.3388
3.3199
2.305
10.362
-1.5
-3.5629
-1.422
-1.28
0.69917
1.4946
1.3444
3.624
3.1678
4.2537
7.3348
5.6692
-1.8498
-4.9869
4.7058
-3.5069
2.2003
2.1064
8.6815
1.7924
0.47803
2.7074
2.7374
2.2101
0.17426
-1.6678
2.9495
-2.0286
-1.0966
5.9936
0.74329
1.579
4.6995
1.0997
5.0881
0.9648
5.0384
3.888
1.361
-0.59709
-1.1293
1.1898
0.68558
0.77398
4.9506
1.1069
5.431
0.40514
4.9177
0.43325
2.5297
4.9122
0.75808
0.68519
8.0102
4.853
0.70399
3.9468
0.91977
4.1177
6.2475
-2.8135
5.0866
6.3739
2.1424
7.2388
2.4662
-1.7114
-4.5805
0.99978
4.1406
2.9522
3.2408
0.26874
2.432
-2.916
-0.28027
-0.45638
3.5592
1.9575
-1.4666
1.9714
-0.069432
-9.7461e-05
4.5924
2.3403
3.1951
4.6519
2.5408
3.6526
4.0489
5.5118
3.4276
6.2367
2.0678
1.8564
7.104
0.47086
1.9914
4.7596
2.4494
6.2148
5.1024
2.8747
-0.3331
3.7001
-2.1479
2.7334
4.4253
2.6391
4.639
8.1166
4.7718
2.8008
3.925
3.2765
-1.9442
0.75077
5.6741
1.8692
3.7473
-1.0195
2.1936
3.8009
-2.0845
3.0428
1.4545
-0.8186
1.8874
-3.6889
-4.3839
-1.5308
-0.9716
-1.5191
-3.1763
2.8647
-2.7826
2.3307
4.3612
1.9933
2.2793
0.86553
-2.448
1.8685
4.8825
7.2147
0.70938
-2.882
2.499
3.1288
1.3191
-1.4467
8.073
-5.0786
0.47008
-1.9649
0.091615
2.9536
2.4141
-0.13221
4.331
3.8672
3.9421
0.7231
5.1457
3.9821
9.5263
5.1904
5.4708
2.1589
-1.8652
0.88634
-0.27338
0.30809
3.6654
0.32967
-0.68534
0.77202
1.5173
3.228
-0.85791
2.952
2.2341
5.9732
1.3605
1.5966
-1.5141
-2.1558
2.9315
1.2515
3.5112
-0.67798
7.7255
2.3667
5.1411
1.3192
1.5125
4.0702
3.6673
-1.3608
-2.5981
-1.2936
-2.2473
2.1787
0.76625
0.89597
-2.0829
4.3387
3.3182
1.7311
5.0635
-0.62194
3.2441
3.0453
3.0478
-0.18774
2.9805
0.45536
-0.68934
-1.6098
5.1134
-0.53783
1.4813
-1.626
1.1086
-7.6961
-1.2609
-2.2793
-1.0434
1.3602
1.024
7.8332
0.28468
1.2499
-2.7079
0.56785
-2.0139
2.0909
4.5593
3.2128
-0.10186
-2.8916
6.38
8.1501
2.3615
-0.9697
5.5933
0.22203
0.59057
4.6591
-2.1557
-3.8703
3.2621
3.2022
2.2854
3.4901
5.2467
4.9113
0.29429
4.4299
2.5197
0.48337
-1.5799
3.9409
0.93913
2.1393
-0.37884
-2.6515
2.5148
1.8136
5.5971
4.4051
5.1599
-0.24663
-0.80898
-1.8073
3.4939
10.367
4.1827
-0.31919
4.5099
-1.385
-2.2734
4.1523
-0.33372
2.948
6.2196
3.2034
4.789
-2.8174
3.9846
8.4155
3.6234
-2.6226
1.3906
0.5001
3.1491
3.2361
3.2165
0.90866
0.20218
0.23123
4.5606
-3.559
1.3781
2.8111
0.041687
3.4317
1.786
-0.8149
2.4841
1.1955
0.77038
-0.13397
2.1843
-3.5384
0.805
0.36936
-0.7357
3.9581
-0.20281
3.6219
4.9275
1.5294
2.8334
3.9186
1.7571
3.6226
-1.7877
5.3313
-0.96869
-3.4865
6.1535
1.8118
3.3468
0.91022
-1.0618
-7.219
3.8788
1.1399
1.408
3.2168
-2.258
-0.18834
5.442
3.7936
-1.8438
-4.6098
0.28626
2.642
4.8271
2.2812
-1.3669
2.9185
-1.517
-0.8829
0.038795
-1.6882
1.1871
-0.69985
1.1429
0.61274
0.77064
0.48938
5.6999
3.8309
2.1772
-2.4008
-2.8774
-3.8943
9.8156
4.9171
2.7709
-0.92272
-1.4391
3.6429
6.6953
-3.08
0.65181
1.7471
-3.976
4.5237
0.75602
7.7365
0.8273
3.2275
-1.4273
0.12541
-1.5062
3.1777
5.9055
0.21907
3.3091
0.48691
2.3063
5.5888
2.3608
-1.1105
-0.57131
1.4904
1.425
-0.59745
2.542
5.7996
1.2465
1.3863
-4.6046
-0.32354
-2.1798
0.8413
3.5768
6.5698
7.3955
1.6493
1.0394
4.4525
3.4705
4.2958
4.3348
-2.4409
3.6211
1.7254
-0.28076
-0.080786
5.8444
-0.42921
-1.7105
2.6441
8.0323
2.0767
2.9249
-0.81474
7.0226
2.375
3.5903
-0.8562
4.5621
3.1674
-1.468
2.1192
0.6482
2.3277
1.2483
1.4303
-1.0987
1.0301
4.2996
7.234
-1.4816
9.1322
6.5782
2.5055
1.0964
-0.095963
4.4983
-0.083816
0.61435
4.6509
3.3078
4.6902
3.5142
0.79731
0.45846
4.3891
-0.01357
5.56
4.3721
2.8632
2.0097
3.0969
12.58
1.6627
-2.6698
7.7453
3.8295
0.056265
9.852
3.6529
2.8826
-0.33353
-1.1948
-3.3052
0.73124
-1.1593
3.9433
1.0471
7.307
6.5317
2.492
1.1517
5.4565
-1.4395
4.0211
-0.007339
0.79903
-0.015407
3.7269
-0.33428
-1.1907
3.6589
0.72971
3.0848
0.94433
2.8086
-5.6933
3.3976
7.5607
5.1179
4.7327
1.2808
2.543
2.7327
2.2892
-0.49141
0.94324
1.4757
0.55804
4.5105
9.615
-1.97
2.385
-2.3271
5.9075
6.2297
-2.9876
7.8311
-1.2541
2.6805
5.2968
2.4416
8.887
10.258
2.415
-3.7212
0.90502
-0.54433
-0.29426
-1.3831
2.2346
8.3199
-0.14754
1.1585
5.4994
5.6385
3.4566
5.078
4.6122
0.85473
3.2867
1.1026
-0.69961
3.9042
2.2024
1.4386
2.8752
4.9631
3.1788
2.5837
2.8394
2.1537
-0.3234
4.3603
6.2267
0.3977
7.7833
1.4713
1.2687
-0.6928
-0.37701
-0.85892
3.0617
6.7911
3.5824
4.5626
6.0255
-5.4986
1.4973
3.059
4.1518
-1.9146
-1.0176
4.3721
1.6503
3.6593
-0.88193
-2.9014
4.2836
5.5799
6.8962
-2.5966
-2.0106
-2.4215
1.875
0.15348
5.9425
-2.3652
-3.227
2.6159
5.5788
-0.40847
-1.7969
1.552
-2.9093
2.052
4.4852
2.6532
-3.7277
0.38953
1.0939
7.4407
4.7446
1.8288
5.9281
-1.1342
0.9552
6.2377
6.5071
4.1911
3.4723
0.24162
4.2347
-0.48446
3.7236
2.8455
5.4179
0.7224
3.9084
4.3795
-0.69513
2.4687
6.7918
2.3373
1.0741
3.37
1.1747
3.3294
1.5957
1.945
3.3824
6.0869
3.3556
6.9452
-4.0851
0.65223
2.708
-0.50552
-1.8279
3.8511
3.8381
2.8681
3.1859
-0.61169
0.50693
1.68
-0.063487
2.9956
9.0957
0.55331
3.9423
-1.1033
6.0187
-0.90742
2.6261
0.14422
3.536
2.0341
1.868
10.847
0.10986
1.8594
10.049
-1.4401
3.659
-1.2294
5.0919
2.9826
3.9564
1.1634
2.7356
6.4175
-4.8253
-2.8999
3.2464
0.035693
1.111
-2.4908
-0.7145
0.78746
-0.17739
-0.59946
0.73446
-0.828
6.0257
-0.9653
7.4538
0.87669
-2.3552
0.14395
4.8035
5.1678
2.4807
2.8622
3.8987
-2.3771
0.25487
-3.4904
0.65269
4.8478
4.1523
8.8635
2.5002
-4.4695
7.0682
5.8468
0.25211
2.6678
4.3384
3.1541
4.0891
1.6619
1.8835
2.2643
-0.36897
6.2689
2.019
4.0594
-0.5648
-1.2257
1.7271
1.2417
5.5845
3.8182
3.6215
-2.3348
-0.90308
2.6062
0.95637
5.8703
6.0235
0.25761
4.6254
6.1863
2.963
6.8701
5.1873
2.6423
4.6304
2.5832
0.75532
3.0754
2.1087
0.90611
7.3131
2.6638
10.191
1.1115
3.6929
6.7479
10.188
2.9107
-0.37078
4.4101
-1.9597
1.1785
2.8156
6.4687
6.3114
1.9173
4.7718
1.0362
3.9834
7.7459
2.4703
1.0984
0.4999
4.1494
6.0119
8.377
2.1621
2.4891
0.10188
6.836
1.7737
0.58029
8.5527
4.4296
4.149
-1.0167
3.302
3.5604
-1.2767
1.3226
0.78523
3.5836
-1.0209
5.2671
7.3546
1.0887
1.9739
3.5199
5.6098
3.5661
3.1911
0.55157
1.3055
3.8402
7.0486
3.7052
-1.6181
3.2992
1.7236
1.2678
1.3424
-0.6393
1.0376
-0.35325
0.90511
2.3518
2.523
1.353
1.5422
2.1011
3.3748
5.8449
3.8603
1.14
3.794
1.2634
-3.3422
-5.0417
-3.1408
1.2886
0.14112
-0.16048
2.122
0.023056
0.10845
3.8289
4.347
9.3098
2.9072
2.175
0.2776
1.4144
1.8484
-3.2673
1.2279
4.2486
0.28771
3.4827
4.9743
5.2314
4.3305
-4.7795
0.30687
4.7045
3.184
2.0146
3.3108
5.3902
2.4613
-0.27588
1.4595
1.3766
4.6902
3.2369
3.6426
2.4435
0.9132
2.1834
2.6501
-2.1944
2.5366
4.7828
1.6695
6.7172
3.6815
0.73897
1.5382
1.1744
2.7234
4.2641
1.1243
3.3753
7.2659
4.7945
4.4758
-0.44442
0.39739
2.7277
1.6981
-2.8751
-2.5433
5.0786
-0.27438
8.235
-4.666
3.3463
2.0019
-0.26872
3.213
-0.38156
4.5793
2.2006
-2.9182
-5.2742
1.1485
5.4374
2.5435
2.1628
4.0633
-2.1802
6.2761
-0.68155
2.1133
0.90929
2.4487
-3.8336
6.5717
3.6374
8.0298
6.25
2.0344
-0.81715
-3.2167
2.0509
2.6575
5.1375
-0.85295
4.3844
2.2143
-0.32106
4.3225
2.797
1.2947
7.6319
3.8277
1.6692
2.8324
2.2611
2.5208
3.3608
0.18945
-0.39107
3.0819
7.6553
1.0795
-1.0382
1.2844
0.54796
1.018
3.4266
1.61
0.21694
0.6687
-1.9676
-0.57856
-2.239
0.45204
-1.2553
-0.12148
1.095
-1.6013
1.9419
3.0211
-0.88969
5.3418
-2.7583
0.82462
-2.4541
0.96612
-1.9717
0.2755
-0.22212
-1.555
-4.1946
3.6952
8.0004
8.67
0.52347
1.862
0.60276
2.2278
-0.75631
-3.7584
1.8907
-1.6754
-3.7073
9.1227
1.3
3.2116
5.5774
-3.0543
3.2394
3.5052
2.2492
2.4734
0.41617
4.1692
-0.54982
-0.38915
4.176
7.0596
0.84082
0.48476
3.2242
5.2171
4.9039
2.8104
0.09678
3.8893
1.7623
6.1308
-2.2246
2.4237
5.8692
0.51519
0.12553
-0.8009
1.1638
1.3984
2.4102
-0.65005
2.2476
0.18838
0.89382
-0.51451
1.1526
12.71
12.223
5.4408
4.3618
-1.8344
0.24622
0.14178
3.6059
3.449
2.3254
0.97915
-0.77755
2.016
5.4174
3.2821
2.5431
3.9724
3.7527
-2.8494
2.0563
0.72212
-4.1021
-1.9857
1.0403
4.4763
1.3121
2.7868
-0.69394
-4.4719
2.2818
-0.85354
5.5178
7.2053
0.88491
5.5786
4.8609
-2.2451
1.8999
2.7834
3.569
4.0304
4.0232
4.0352
1.0623
3.1377
-4.7587
-1.5051
5.6059
0.017784
2.9827
6.5244
-0.66673
-0.87785
0.52184
3.3232
1.3857
-0.93342
-2.7188
0.88922
1.3366
0.39436
1.2141
-1.2862
3.6477
-4.5239
2.4338
4.0071
-0.54649
1.8287
2.8754
0.15614
1.9591
3.2363
-0.81145
4.5055
5.2836
2.9635
2.0453
-1.4935
3.4845
-1.6475
6.7724
3.5794
2.7945
0.81921
-4.5289
-1.587
3.096
9.2373
4.2207
2.9292
0.37404
2.3668
4.8868
1.2381
7.6753
-1.6608
0.87129
2.1573
-3.8618
3.6963
2.2334
2.2421
4.3841
5.1311
4.4066
0.59353
1.8602
3.0604
-1.7704
-1.1081
0.71911
2.233
7.3728
4.3918
0.6725
0.11273
6.6014
10.201
2.5023
0.5634
-2.238
4.925
2.8692
5.4962
-0.72612
2.7217
0.037861
5.8249
0.34643
1.7378
0.95654
4.9819
3.2853
-1.0126
0.10194
-1.1371
3.5171
2.9959
-2.9062
-3.7205
1.8788
4.0916
2.5064
-2.6314
-2.6554
4.6012
1.5639
0.84128
5.9486
-0.38939
2.4063
3.2534
4.4596
-0.56306
3.072
10.245
-2.5389
3.3019
1.3107
-0.48126
-0.49595
3.4937
8.9469
-0.38148
3.6229
0.32282
7.9297
3.634
1.5863
3.8596
1.9833
5.3216
1.4432
-1.3643
2.7393
6.6831
-1.5899
1.273
5.0145
-3.7604
3.8763
4.2589
2.6405
-0.3107
1.9786
2.2796
4.8058
3.9906
0.9493
6.8596
1.8475
-0.43809
0.68474
4.5758
2.5856
4.6666
2.2077
9.4605
-2.9969
0.75222
1.7473
2.2678
6.3684
2.6584
1.6554
2.2058
4.2545
-0.068281
3.3524
-2.6951
1.7636
-0.82538
0.041415
2.8476
-1.3752
-0.96692
-2.5476
-4.6855
1.5454
5.4882
1.4542
1.2981
-1.1402
6.75
1.2518
5.8821
3.0859
1.2108
5.2464
4.9473
1.6657
5.8879
7.3439
1.8032
1.233
3.2139
3.0553
4.4225
1.2332
4.1453
5.1458
2.5326
2.4599
-1.763
-1.5184
-2.3843
-1.7329
1.5347
-2.8447
8.7382
4.2178
-4.2029
-1.4637
1.6784
-3.1386
0.62032
5.273
1.5084
1.7983
-1.0048
0.33302
-2.0547
3.0926
0.64338
4.3501
5.7117
5.2316
1.8955
0.48804
-1.6721
2.3555
4.8784
0.97721
1.48
3.8489
4.5918
-2.2507
2.5999
2.5875
1.5466
4.6784
0.90743
-0.47857
2.828
3.3794
1.3475
4.3884
-2.5541
-1.2248
-7.2165
3.5642
-0.97307
1.2406
5.0278
2.153
0.6787
-0.54541
1.2789
3.8088
-2.5488
1.795
4.3472
-2.2622
4.0081
4.0497
-0.64641
-2.5135
3.2994
4.4248
3.7368
4.2885
-1.5464
3.7515
0.25997
0.3159
-2.6677
5.3006
2.5252
5.0108
6.533
-1.4117
3.9291
1.9617
4.7428
5.3231
4.4614
-0.45284
1.6205
2.7924
11.476
5.6799
8.9619
3.2435
2.6355
3.8395
0.41667
5.7248
1.5271
-2.1208
4.6125
-2.7056
-3.5328
2.8652
-0.85273
-0.7322
1.5142
0.53329
1.3317
2.8162
-1.5056
-1.6727
-4.2984
0.82927
3.9928
-0.10679
3.504
3.6209
4.9723
4.9681
-0.066524
-0.57051
2.1452
0.0054398
6.3582
6.1395
2.2854
0.71862
3.5324
0.031179
1.6249
0.4086
2.3168
5.3851
4.2274
5.4308
-0.74414
2.5394
-0.95004
3.1545
2.9771
5.8889
5.2977
3.9597
0.48478
0.57202
-4.1547
0.65509
-2.6536
4.7895
4.7058
2.4149
0.86478
2.4292
6.8151
6.0473
0.65467
2.5052
-1.3615
3.2022
4.2172
4.7001
-2.5937
3.5139
-0.59264
0.87034
4.364
2.8946
1.5088
3.8202
6.9035
0.12952
-2.0503
-1.4867
-0.83284
-0.013633
3.73
-4.2573
2.7079
-0.33526
5.2987
-0.56669
2.0227
-0.81276
-0.044679
1.2196
1.3136
0.42556
5.385
3.6504
7.5654
1.1681
5.1999
-4.2977
3.9155
3.1144
0.87746
4.086
4.6329
5.1008
3.2594
3.8032
-0.022055
-1.2855
1.1971
2.5597
4.8528
-0.37156
0.53157
10.923
0.13224
7.7609
4.8834
0.32659
1.6803
1.3545
3.4205
6.0969
-2.9134
8.0712
4.3334
0.35329
1.622
2.8987
2.8885
5.6023
5.2705
0.92389
1.6102
4.2012
2.361
5.409
-0.060319
3.415
2.865
6.1756
-2.0365
2.0022
2.1605
-5.0257
5.7443
10.428
1.3034
2.8611
0.60619
3.153
0.86052
1.6947
6.8545
-0.54169
0.27235
1.7723
1.6026
6.3179
8.0938
-0.9346
0.076929
3.5614
0.8579
7.9786
6.9076
3.6771
3.6909
0.98481
4.2909
5.3823
2.4247
7.7844
4.0119
1.6697
3.1129
5.2898
0.80551
1.7436
9.1199
0.57824
4.839
4.4545
6.7669
3.578
-5.3956
-0.55758
3.5352
2.7733
7.8873
6.2189
3.4905
2.2485
-2.6454
7.5895
2.4021
-2.638
3.2998
2.3089
0.28896
3.4792
-0.12254
-2.0441
-3.2629
0.90857
0.11872
3.3205
-2.5079
1.3753
-2.5154
7.4292
1.6491
5.6786
3.4848
4.7258
-1.4627
5.7727
6.3576
-4.2304
1.4705
0.043753
2.4696
-0.55068
2.8371
3.7913
2.7342
1.645
-1.8682
2.1727
0.4372
-1.8371
1.8313
1.371
2.5763
4.977
3.7287
5.9174
-0.18792
-0.59372
1.7152
6.1496
5.911
1.6226
0.20938
-2.5619
4.0155
2.0685
-1.5334
0.99627
-3.4884
3.29
1.478
6.8937
-2.0783
4.9115
2.4309
2.2478
4.15
5.5805
-1.2132
5.9567
-1.63
-1.2223
-0.01768
4.2094
-1.2099
3.0041
3.2356
2.4624
3.6637
-1.5185
5.0228
2.3406
4.1902
-0.95054
2.1561
4.6328
5.0424
1.747
-3.5606
-1.2905
2.6559
4.3827
3.3894
0.16211
8.7332
2.217
4.5965
0.75291
-1.3448
4.0558
5.113
7.4666
0.41303
-2.8839
6.8519
2.7924
-1.3814
0.32247
-0.42654
5.483
3.7763
2.7282
2.7214
-0.4645
4.9793
3.0392
1.2166
1.4459
1.6948
-0.66113
4.2241
6.1766
9.4217
3.5118
-0.46744
2.6029
-1.0212
0.16049
0.02311
-0.49969
3.1345
-1.346
4.0017
4.386
5.1125
1.9387
3.8569
7.4092
2.159
1.4663
7.3174
-5.5264
0.63023
9.2911
0.58564
0.31901
-1.6794
4.3789
-4.3298
-0.39819
3.7009
1.9957
3.8718
2.3793
4.0426
-1.8622
2.6543
-2.6997
4.3498
1.0683
3.966
0.3876
2.9859
5.1622
-3.9391
-3.6022
-3.4971
4.5458
3.2156
-0.10737
6.4971
2.4134
-2.7605
-1.0574
-2.1557
4.8647
0.19664
-1.5157
0.26867
-0.50929
4.5589
3.432
2.907
3.2473
2.1289
-0.84656
3.6248
-0.46338
-1.2157
-1.2223
4.6087
4.9432
-3.2765
1.5557
2.7558
0.16885
4.2829
2.7633
1.5415
0.32777
4.0311
4.5479
3.4079
1.2807
4.763
-0.72064
2.4333
6.1892
1.4309
-0.53151
7.8303
1.2592
3.3249
-0.41083
2.8628
3.4011
2.0137
2.9783
5.6138
-2.2123
2.6167
-3.9736
2.0852
7.7915
4.8234
1.9792
0.98528
3.5848
5.1707
2.0442
6.8443
-0.44756
-3.9933
-0.24457
1.4021
0.88172
-0.54211
6.0117
-2.849
0.52455
-0.9079
0.57768
0.0015085
3.4351
-1.1232
-0.46198
2.3034
5.2519
-3.5636
7.3993
-0.63512
3.9432
5.1487
5.9693
0.44792
2.0729
1.5129
0.18302
2.8151
3.0759
0.94305
2.3971
10.021
1.9773
4.1309
0.61238
0.41637
0.96264
3.6937
-0.40462
-3.5588
2.1596
0.69075
2.84
2.2538
4.1874
4.7023
-1.9769
-2.5737
3.5073
2.9192
-0.81748
5.7122
2.099
2.3707
2.8218
4.2625
6.5735
1.2141
-3.1921
5.0404
-0.78321
5.731
0.23153
6.4744
-0.41793
-1.3378
4.8708
-2.0892
4.0418
3.3135
1.5702
0.9754
8.1734
0.87639
1.4294
-0.8162
-0.44039
0.24914
7.1286
0.82874
-0.070196
0.65534
4.1431
-1.9472
3.8814
-1.9939
1.6075
-3.4807
3.6078
4.0786
-0.062649
2.9527
2.4885
5.4773
2.3852
5.1184
1.6497
0.055109
1.8861
1.402
4.645
1.8316
-0.52372
1.5355
5.5658
0.75528
0.02415
4.952
2.3037
0.91188
-0.21648
-2.4395
2.4601
1.0489
2.9568
-2.3696
5.9655
3.4616
-2.6999
5.1712
0.23727
2.9067
2.6584
-0.6346
-6.5842
3.6067
0.97389
0.20642
3.2567
-0.069042
4.0136
2.4527
-0.97396
4.5105
3.4235
5.7565
-0.67787
-0.68582
2.94
4.0011
4.4843
2.0195
1.2923
3.9585
7.8936
4.6538
2.2536
0.27646
3.4993
0.54769
2.7153
4.3347
4.7728
3.7644
6.1338
7.5536
-3.693
-3.3361
-0.76792
-3.9938
0.9287
0.9908
2.7513
2.8585
-0.058506
-0.43994
4.3802
0.85416
-2.1136
2.0309
2.6124
0.76692
3.9907
2.6773
1.3615
1.8679
3.3745
0.67575
-1.1648
1.5332
2.3874
3.5283
1.9096
0.62791
3.789
1.6594
4.4211
1.7306
1.9811
1.7244
-0.76371
-0.78085
-0.88366
7.3545
1.3994
4.8212
3.0475
7.5778
4.7812
-1.6809
1.0183
4.6749
2.8646
8.7956
1.8563
-2.6556
3.3322
-0.73546
2.1483
5.2341
2.9245
2.8989
1.4083
1.5607
1.6908
-6.3969
3.1798
4.9707
-1.8929
-2.5659
3.863
-2.5226
-3.0382
4.3669
0.037153
5.7347
-1.8768
0.15694
2.7251
3.648
3.4029
2.5744
1.3106
0.26235
3.4414
0.8395
3.2648
5.2631
-4.748
7.4134
0.10382
5.9494
6.6548
-2.4067
2.5308
12.399
1.3561
3.4588
2.9927
5.8037
5.2715
-0.83935
0.6845
3.0297
1.8248
9.6049
3.3159
3.3126
-0.51303
-1.9225
4.3824
1.4082
3.9475
-0.49442
4.6879
-3.4405
6.7001
4.5395
2.3305
-1.4833
0.80739
2.7629
5.6234
-1.1006
5.8854
10.304
0.51396
3.4063
0.028109
-3.1509
6.4116
4.0824
0.46791
2.3402
1.3106
-2.3852
-6.647
1.8576
0.6126
0.27006
-0.53791
-3.4517
0.43481
2.4843
-1.1854
3.3515
1.1816
1.6956
-2.2873
-0.29323
3.2304
-0.3698
2.4849
7.9337
4.3858
5.1121
9.081
5.5262
3.1932
7.8537
-0.71397
-0.046457
8.0549
3.363
1.8737
3.3745
1.2076
1.124
0.83961
0.33802
-0.83118
1.8205
0.27595
6.3256
2.7066
5.0641
1.5805
1.7553
5.7747
6.4056
2.0988
7.0774
3.4272
3.1056
8.576
6.6071
4.7218
3.2068
0.38485
1.6544
7.466
-4.0645
0.089068
1.4336
2.4448
-3.3516
3.5872
4.1892
-0.8204
1.2221
-1.6406
6.8736
3.1205
1.2473
-0.77637
2.296
7.0528
2.8258
3.0599
-1.6011
2.4984
4.3285
-2.1443
5.3848
9.3963
-2.6738
-4.1999
1.7822
4.2773
1.755
1.5246
2.0195
-1.1938
-2.9317
6.7446
2.8778
-1.5628
5.2278
-1.8921
1.6347
4.2223
-0.52215
0.95159
2.0889
7.8571
3.3771
0.80206
1.3238
1.1592
5.9202
1.1469
-0.37513
2.7219
1.7161
4.3797
4.8783
5.2613
3.9415
3.8977
7.7098
-1.4801
0.95807
-3.0852
4.7582
2.0646
1.102
-3.163
2.5503
1.2208
-2.0644
-1.4723
-0.28596
1.2491
-2.9463
1.454
3.8471
0.86998
-0.094106
2.9124
5.3032
0.66018
0.59986
-2.3075
-0.93315
3.8177
1.659
4.2937
4.0097
3.1274
4.3
6.5704
3.7305
3.2779
1.8712
-1.7268
0.48514
2.9776
-1.3343
3.4046
2.9678
2.3001
2.9043
2.0715
1.9338
1.9737
4.7884
1.7287
-5.9234
0.54155
2.5879
4.8792
6.141
-0.82439
4.2826
2.7138
1.3749
2.0742
1.9157
2.4211
2.7128
-0.014646
-1.135
4.8973
1.3407
6.2436
-0.77256
0.21758
6.2638
6.2228
-1.087
2.6195
6.0233
5.9981
-1.8547
6.8551
3.9849
2.682
1.3233
-0.89798
2.2851
1.2298
8.9304
2.5702
1.4798
1.9579
0.16179
8.2154
3.9111
2.2247
5.3698
1.9006
1.7068
0.33014
0.1535
6.8137
4.3055
2.2608
7.1131
2.0709
2.8701
-2.2597
3.4258
-2.342
-0.96484
4.8481
3.0537
-0.61684
0.80562
2.7693
2.6601
-3.1343
-1.6173
-3.3187
1.7825
-3.1633
4.1056
-1.0164
-1.3193
7.3717
8.4872
-0.45783
1.8889
7.889
0.3792
7.1525
4.4594
2.1666
0.94062
7.0794
4.1332
0.10171
3.1782
-0.63388
2.4468
6.5956
3.5955
-0.279
3.044
-0.093408
8.0579
-3.3811
0.021477
4.3144
-0.46102
2.0537
3.9636
5.7731
-0.78124
1.4904
0.58498
1.6573
3.1085
0.14415
4.4003
3.2801
0.58301
2.8279
4.9527
4.9793
4.0046
1.805
0.1397
2.6723
0.60159
1.0037
4.7744
6.3411
3.7875
8.1598
-2.5878
2.0681
2.2859
6.8436
3.5038
1.0285
3.6626
3.9273
2.5479
-4.0824
5.0692
-8.4746
2.3285
-2.654
0.93467
6.1957
0.45958
7.7515
4.3352
1.2606
-0.71059
0.51229
3.1235
-5.1116
3.8452
2.8384
4.4566
8.1425
1.0288
-0.94163
5.5389
4.6837
1.5712
0.21959
2.7468
-1.3893
2.1983
0.086226
-0.45792
4.9039
2.091
6.0533
-1.2591
2.7208
-1.1385
3.8562
5.9151
5.0705
-4.3461
4.0452
2.0261
3.0028
0.35776
-2.953
4.6784
0.47883
1.0106
2.5051
9.6102
8.8809
-1.956
0.5776
4.9621
-4.2191
5.7321
1.0543
6.1979
-0.63964
-0.76742
8.9432
3.764
1.0707
-1.0989
5.3101
3.0263
-4.792
-0.70986
10.91
1.9647
-3.9986
-0.66405
0.74029
4.0837
1.5117
2.3047
1.9464
-0.88098
5.5184
0.90418
0.60977
2.585
1.7992
0.43541
2.3813
8.3391
3.6238
0.034744
-0.60859
1.2833
-2.728
7.4773
2.6128
-1.4902
2.3618
-2.3306
3.747
1.4556
2.126
3.0855
4.5611
-0.42932
-2.4012
1.6883
-0.46874
3.2749
-3.5641
4.5757
2.9192
-1.3347
1.0483
4.5136
9.2794
0.94673
6.1459
-0.58197
2.6207
1.3775
3.0208
0.50566
-2.2642
1.1877
3.319
0.48157
1.447
3.206
3.6177
-0.20078
1.1949
4.6118
2.9923
-2.0437
6.6436
0.15009
-0.095713
-2.2708
1.6711
1.6919
1.0319
-0.51876
-2.9817
11.037
6.5025
0.92303
1.6554
3.0767
1.9636
0.28892
4.8021
-1.415
7.8717
-3.2897
1.03
4.6178
2.3537
-2.5092
4.7655
2.4897
-0.44401
3.2111
4.2685
8.5533
1.7187
1.1174
0.48558
-3.781
3.5641
-4.1632
1.1905
1.1749
4.5354
-6.3135
4.7542
0.44224
-1.879
1.9738
2.7001
0.72741
-2.4083
5.6193
2.592
-0.12063
5.6491
3.1015
-1.8025
3.8632
-3.3864
-1.1735
2.4546
3.2338
2.2115
-3.7991
4.4562
5.7853
5.502
0.28901
0.81831
-1.0523
2.7506
2.7564
-0.31444
4.7586
4.5565
3.9714
-0.26039
-2.0155
3.9567
6.3417
-1.8704
-4.6246
6.3083
1.815
5.5334
4.9565
-1.6557
0.70437
-0.50482
2.539
5.4989
2.168
-4.3001
5.7059
2.008
0.62139
-4.3095
3.1218
2.7355
3.0157
-1.2342
-0.19049
-0.74898
7.3627
-0.46121
1.4099
-0.67043
4.7322
1.9632
2.2184
4.8182
4.0257
4.3579
-4.3982
2.6598
4.8989
3.05
4.7054
8.3636
5.7458
-1.3696
-0.49026
1.6347
0.072227
1.7632
5.6843
0.4059
1.1417
1.3172
4.0236
5.1105
1.5516
1.0488
4.8008
4.1699
3.4646
11.799
2.0951
3.0238
1.7494
3.8493
0.425
5.0231
7.4873
2.2559
1.795
0.3096
0.57928
-3.1106
1.8388
-0.64403
5.7677
2.4675
2.1648
6.1957
-3.3269
2.989
-1.1737
0.069893
2.7753
4.6751
-0.50987
3.6594
6.3752
-0.56525
-0.97637
1.9649
3.8807
2.0045
-0.44898
2.3454
2.6212
0.66631
-1.3615
3.3061
2.0513
0.91104
0.10629
0.49903
-0.60158
-1.1203
5.7963
1.2756
-3.1871
0.53528
5.1812
0.38554
7.332
-0.33856
-0.25892
-1.0994
5.4915
0.25968
3.2519
-2.9444
0.28197
3.9777
-1.8412
2.1504
3.6452
7.3353
3.9233
4.8401
0.93724
0.26355
2.1694
-0.67997
5.3662
4.3275
4.8875
5.7824
1.6762
0.26853
3.5769
5.4559
4.5751
4.8367
6.5184
2.886
5.6123
1.9645
4.3685
-2.2107
6.6263
-3.3247
2.617
0.96137
-1.4769
3.0075
2.9967
6.2336
2.4106
3.7329
2.7293
6.403
5.3917
2.032
2.373
7.3383
1.2816
4.574
-0.63506
-0.28584
4.5883
3.9449
5.1743
0.10043
5.054
2.5158
1.8576
7.0674
6.3111
-4.7532
3.0695
-0.55072
1.1013
0.097254
6.8734
5.7232
3.6658
4.1103
3.3745
4.052
2.7539
1.4645
3.5232
1.0703
0.81689
1.1908
1.7356
2.0241
9.5954
-1.6697
-1.2153
2.7382
1.8482
-0.19045
2.981
4.259
-1.4612
0.7764
-1.8637
2.2507
2.4914
4.0477
-1.2591
2.8925
1.5701
6.1759
2.9202
0.38845
1.3132
0.39134
6.3171
0.4667
-2.8205
1.3963
5.4305
3.9899
2.4923
7.3562
0.23687
2.7771
-0.6155
-0.36375
0.96698
3.9429
8.1624
4.3968
-1.2132
1.3845
0.33667
1.1212
5.5407
3.1322
4.9747
3.8104
-0.37866
4.7925
-2.0512
4.3994
3.7989
5.3013
-2.2592
1.3891
2.0537
2.3011
4.6291
4.1021
3.956
2.5356
7.028
1.0247
2.3034
0.26992
1.8154
4.1768
-1.682
2.5728
-0.20446
4.3652
-3.8961
-3.8666
6.8729
1.5517
-3.9048
-3.0584
1.7392
2.9222
3.0126
5.201
2.9988
1.7795
5.1433
8.1766
2.0801
1.2784
5.1154
0.47832
-2.4492
1.6805
2.7358
2.4374
-1.3543
0.20918
-0.038464
4.8652
1.6076
3.9482
3.7955
1.4225
-3.9424
3.0888
4.1118
-0.25779
1.9492
0.67501
7.104
1.9083
2.6118
-1.1434
-0.20611
-2.0697
4.1858
3.8216
-0.48486
10.663
4.7574
3.2174
7.7486
-5.3671
1.7268
1.926
2.5998
-1.1149
3.5881
-4.6514
2.3222
3.3167
1.877
3.0929
-0.29109
3.6486
0.87609
-2.9775
1.0693
0.14017
-1.0738
3.515
2.1214
1.2358
0.35679
7.0298
5.519
1.4328
2.2597
6.5377
7.3798
5.3079
1.0225
0.25156
4.2548
-0.5912
-1.2126
0.93429
4.8676
2.4778
2.7348
5.3742
2.7039
-1.4157
4.5263
3.429
1.7348
0.76089
0.36625
1.928
-0.40154
0.46343
-2.46
0.44407
-0.079687
3.733
6.3649
5.1065
5.1405
4.0286
3.6398
4.25
-0.18952
4.4996
-1.5957
3.8563
-0.49724
-0.91148
0.63947
-1.9081
2.0479
5.332
1.2519
3.4871
2.4861
5.6355
1.5251
2.8789
9.4031
5.4387
-0.80153
5.3594
-0.77268
2.0297
2.8681
4.61
0.80821
3.6136
7.3092
-3.7165
-1.2302
5.5848
1.1182
1.8855
4.7718
8.6692
-1.9057
-0.72697
1.7675
2.0015
2.3206
1.0626
5.6589
-0.72868
2.6119
4.9692
3.1256
0.13362
2.3617
1.0478
0.20095
6.0595
1.407
0.26599
-0.26791
2.3636
-2.4875
-2.9385
2.5787
-1.8693
0.80045
4.3262
4.7664
6.6336
-1.0287
4.5701
2.9759
5.7573
2.6605
4.4456
5.4183
0.76487
0.6168
-1.9871
1.7375
3.0663
-0.22942
2.2161
0.93079
0.70492
4.338
4.449
5.4449
-1.2549
1.5916
3.9653
-1.8804
7.7802
2.6998
0.36493
5.0984
3.1314
2.3278
-0.040565
-3.2962
-0.8907
0.063102
3.3576
3.8435
-0.3559
4.4845
4.0023
1.6235
-0.85369
4.6761
1.6108
-1.0405
2.7569
3.5708
-2.3849
7.5992
-4.4472
-2.9057
5.6721
2.9755
0.71326
2.0348
4.194
-0.60407
4.7845
4.092
1.8645
2.5736
0.11371
-0.56984
0.83386
5.0855
1.2808
0.64513
-0.9378
-1.4003
2.0664
5.1207
5.6945
3.6805
1.0729
0.89719
3.0969
4.8123
4.9227
-4.3568
1.8606
-0.90034
0.58625
7.2057
-0.33259
-3.0514
2.5311
1.6266
0.75334
4.6384
3.6984
3.1278
1.1691
3.0503
1.1261
2.5582
3.7298
3.019
-0.018481
0.38896
-1.1205
4.9919
1.9218
0.029002
4.0332
0.4675
3.338
6.5499
4.8133
1.5195
1.6585
7.8114
1.4876
2.9035
2.978
4.7745
2.6459
3.0987
2.9665
10.067
4.6282
-0.62947
-1.6523
-2.8445
7.5202
-0.45678
4.9764
3.6015
-2.5802
8.0686
3.6569
7.4604
3.0279
2.5387
-1.058
2.1128
2.4114
-2.5632
1.9432
2.4897
-0.16345
3.2318
-1.6379
0.27877
2.3162
0.18471
3.2654
0.91157
-0.62235
4.7948
3.8001
3.7141
4.0553
5.0283
4.9726
2.1011
0.64919
1.668
5.7136
-1.5936
0.30682
5.1299
4.538
0.51339
1.3795
1.5326
1.1738
-5.3297
0.71803
2.9272
9.3547
-2.3879
0.093375
0.84358
-0.82683
-0.021319
-3.7727
1.6627
0.44447
3.6049
2.1722
5.1975
6.8622
2.3656
-1.7141
2.7324
6.1948
1.7136
3.1629
-0.89894
6.5276
3.2115
0.73358
-3.0221
-0.06289
-1.0816
0.52233
3.0404
4.4881
2.4669
2.2511
3.1239
9.9596
2.9981
2.4223
6.7335
2.2686
-0.018951
4.7957
0.92633
2.6063
4.6288
4.4238
-2.81
-5.0862
-0.1051
6.9557
2.7052
1.5447
1.5323
5.1145
2.9915
3.4274
-4.2715
1.4779
2.0576
-0.58008
1.9312
0.19305
4.6097
0.28756
5.914
1.8721
4.6866
8.8546
2.2005
6.4838
-1.2174
7.47
-1.6253
1.8038
1.0195
-1.4475
-1.9241
3.9391
-2.1676
-2.022
5.3866
2.0051
3.1391
-0.70399
1.4096
2.9208
2.5024
7.3642
0.12775
1.5501
4.4966
4.8443
-3.9212
0.82436
-0.030134
1.9519
3.5455
3.3345
5.4227
3.343
2.9463
4.8368
3.286
-1.9738
2.3295
-2.9642
5.332
-4.3236
0.35049
2.2828
1.8853
7.6488
2.1664
0.15833
3.761
-1.6201
3.636
2.7528
0.82176
0.13387
-1.5714
-3.6354
0.72797
4.3317
-0.14178
6.7539
-0.66493
8.4225
-0.076534
2.2979
6.3049
5.7002
-0.27293
4.2157
-1.3431
-3.1176
3.9835
-3.1889
-4.4142
1.8199
6.1571
5.6534
-2.4852
2.1118
4.4086
4.9216
6.6822
6.7587
4.5689
-2.2734
2.1191
-2.1397
5.6992
7.2262
-4.0045
4.5065
0.97155
0.56611
-0.6673
5.7903
3.1496
1.6434
3.2517
5.0397
-0.60855
-0.38404
4.0655
6.757
5.7505
1.6532
-1.9953
-5.0284
-0.77969
5.3887
0.35262
2.8512
2.6383
-4.6083
5.7532
8.0741
1.8833
4.9958
-0.272
3.7884
8.3697
5.9352
-0.099825
-1.0588
2.1593
1.2889
1.8118
5.8133
2.6634
6.9921
1.8711
1.6003
4.3796
3.2788
1.3703
-2.7645
-1.3491
3.8506
3.6304
-2.4037
2.3597
3.5881
-1.5257
-0.99465
5.5821
-3.2611
3.3396
4.9342
-3.3738
1.6094
-1.5257
2.2699
0.7335
-2.9528
3.8539
3.7885
0.14469
3.5836
-2.033
-1.7043
-1.4603
1.672
0.42742
7.7339
1.7867
3.6855
3.7222
3.1152
2.5751
5.7323
-1.4925
6.9058
4.059
-1.4485
5.3305
5.5477
7.122
0.73905
6.9181
2.7904
-2.3904
-0.32851
4.7885
7.3789
-1.5495
1.6665
0.029703
7.6392
-0.68824
5.9945
0.12628
4.33
-1.9728
6.5008
-4.6087
2.9675
3.263
-0.4621
-0.89938
3.828
-1.1086
1.9153
-6.4593
-4.2431
1.8657
5.3539
-2.9485
4.036
3.483
0.23459
1.9282
8.5739
-2.2017
3.4403
2.6227
2.9663
1.9824
2.8442
1.246
-3.0804
0.24795
2.7033
2.7764
3.811
8.6629
-2.9624
4.0412
2.4075
1.886
-0.079412
1.6174
4.0411
3.2786
-2.817
4.7186
2.7485
7.6827
-1.3371
-0.16613
-3.2566
2.0108
4.9854
0.56309
0.4427
1.116
1.5184
5.0705
2.0477
0.55203
3.904
-2.0933
3.7959
1.3805
8.4181
0.053559
3.2708
2.3536
-1.2423
4.6266
-4.6788
-3.8383
-1.9288
5.9169
4.9519
-1.7542
1.4607
-0.23022
2.6997
8.304
-0.63
7.8464
0.60418
0.044248
3.8289
4.1274
2.8394
-2.4024
-0.073952
-0.60397
0.46248
-0.34626
3.2774
5.0346
1.248
3.6627
4.2766
2.4015
1.1823
0.37212
-1.4893
1.1794
2.4785
1.4399
2.6537
2.1387
4.011
0.1085
1.6448
2.7262
0.87175
2.8413
-3.3234
3.3757
3.3855
1.9964
0.94118
0.70103
-3.1143
5.2872
3.9073
-1.2616
-2.4318
0.84425
4.0425
4.4979
3.6038
4.3041
7.2647
-3.1129
3.4085
1.8371
-0.24662
4.1503
1.9835
5.6003
-1.1021
-0.5427
3.3003
-0.66257
2.3637
0.79429
5.29
3.31
0.77899
0.083929
0.78536
9.1816
1.8511
1.3923
1.4074
6.5489
-3.1966
5.3374
-0.15784
1.1799
4.0322
-0.80935
3.2772
1.7764
-2.1964
2.5769
3.7412
3.9136
0.30206
1.9516
3.867
3.6003
0.83198
-1.815
2.8178
2.9524
6.4951
-2.6614
0.93713
3.3027
1.6956
8.0863
0.89836
-5.0913
4.1896
-2.1971
5.9447
3.2115
0.9675
-0.94019
7.572
2.9286
0.53269
-0.08465
1.4588
5.7689
7.7322
2.0816
3.2814
2.9701
-2.9469
2.421
0.50587
0.71668
1.5474
-6.6724
-0.20363
4.2686
2.3624
0.45228
0.97742
-1.24
-0.092167
0.25101
1.4416
3.7639
1.9369
1.7607
-0.50654
4.9359
2.7064
3.6981
2.6579
4.4231
6.5376
0.7051
3.6277
4.0379
1.9737
7.7358
-0.93585
0.54161
2.2337
2.0786
1.3316
0.56088
4.4738
1.8188
-0.42029
7.1385
4.7365
6.4665
1.9198
7.7475
4.759
-3.4243
-1.7959
3.7509
1.6514
1.5686
5.2243
7.1066
3.1737
2.382
8.7528
1.968
0.64835
0.21485
-0.20701
2.2451
-0.58257
-3.5752
-1.8547
3.3086
5.2738
5.6078
8.9386
-1.2519
6.0936
2.245
0.59665
0.72086
4.6689
3.9493
-3.4185
5.0741
4.4757
1.291
-0.9438
-0.30876
-1.7084
1.8494
0.83401
1.0642
2.6641
1.108
-3.0916
0.20387
0.42996
-3.1475
4.657
-4.4999
3.2664
1.1156
0.90725
3.943
1.0894
1.3195
-0.61474
5.3773
4.9749
4.0593
3.5938
4.1793
4.0828
3.1823
3.8949
-0.12731
2.088
3.6511
-0.17645
2.0023
1.4375
5.7243
3.4175
5.2834
3.868
5.0277
1.7165
2.3455
0.11553
3.1627
11.223
2.2928
1.8632
4.5748
-2.6909
5.3847
-0.54272
3.7025
2.8298
1.7989
-0.15183
3.2519
5.3737
4.0479
6.1883
-2.1658
2.0578
-2.0511
2.3439
3.6249
-0.303
5.8485
0.57543
3.8703
0.95691
-0.27497
-0.2115
-2.3531
6.5623
-5.3417
-1.8701
-3.9537
-2.0288
-6.3755
3.8066
2.1213
-1.0928
-1.9029
-1.9539
1.1646
-4.0663
3.2202
1.7305
0.97321
3.9567
3.0372
0.96594
2.0924
1.6
0.12189
5.3343
5.6065
2.2171
-1.0802
-1.5189
2.753
1.2061
-0.43957
2.3961
-1.554
3.0213
-2.7763
-5.3613
1.3756
-0.94579
6.5934
6.118
0.16365
-0.90021
1.3508
1.0518
6.156
0.95511
5.6165
5.7117
9.5592
0.86165
0.57419
7.0272
-0.21511
-3.4465
2.2602
3.5008
0.91106
0.94792
-2.0887
7.1684
2.6041
0.35694
3.2054
4.5032
-1.1449
2.6758
0.55289
6.9521
2.4768
-1.3741
1.6668
3.3472
8.3018
2.1187
3.7147
5.6022
3.5263
-0.60929
1.5168
0.026525
4.1203
6.621
1.9342
5.1643
-0.090273
2.4779
1.4706
6.8908
2.8819
4.3031
0.97644
0.099792
3.1841
-0.45532
-2.0852
1.0936
6.7975
0.82304
2.6625
0.21883
-4.1512
2.0013
7.081
1.0054
-1.4504
-0.97202
3.0926
0.73901
4.9509
1.1727
-4.2566
0.68159
4.1358
5.0794
5.8548
5.0022
5.2202
7.6821
6.6033
2.5268
0.57165
1.1608
4.1079
5.6245
1.2573
6.538
-0.17484
0.60401
0.83915
0.014149
4.6097
1.4387
7.5546
1.9816
7.5988
-5.2899
3.0855
2.8505
7.8056
2.7852
7.3375
7.6782
0.13905
-1.572
4.5746
-0.44523
1.5285
0.28631
2.3024
3.7893
4.1366
2.4069
-0.84073
-0.54078
2.8769
-4.5529
-1.5233
-2.6973
1.0162
3.4557
9.0943
1.9876
-1.2029
0.63935
3.3747
5.0655
0.62278
1.9862
5.5576
2.6712
2.2412
1.0068
0.84612
5.174
0.40502
1.8582
-1.1015
3.8112
2.7475
3.3246
1.9192
-0.22629
1.7441
-1.8523
0.98421
8.9216
7.0169
4.6033
3.3142
4.4797
3.1685
4.7953
5.6173
-1.0638
1.427
1.9185
0.33464
-0.98255
5.8164
4.0034
-0.73233
-1.158
3.2816
-0.066515
-1.5949
1.2576
-0.5342
4.5489
8.9197
-3.1029
4.5125
3.2673
-0.52767
4.885
-0.66512
-3.6467
-1.3699
3.7345
3.2309
5.008
3.4723
5.7811
-4.0144
1.0865
0.91039
1.8263
5.2016
-0.029273
2.7574
-3.732
-0.74607
4.8204
-3.2304
6.2445
0.54769
3.5833
-1.5288
4.2644
1.9958
5.7622
0.35977
-0.20607
-0.26823
7.9241
1.0109
-2.827
4.8457
2.0749
0.93238
3.5505
4.6624
0.088465
2.3327
1.068
0.2657
3.4266
4.1641
-2.1104
5.3304
2.4465
1.2919
-2.7654
1.2284
1.7913
2.3114
0.6905
4.7783
6.7041
5.7309
1.3084
3.0068
3.2202
0.1346
1.9655
0.23084
2.2063
6.8301
1.4389
-0.19228
6.1323
4.6192
0.4238
-0.21099
6.2327
2.0941
2.5558
3.0478
0.11283
5.2666
9.0594
-5.4635
2.5939
4.8361
-0.38751
2.2692
2.5118
0.20075
4.1197
5.6446
2.6697
3.109
0.3605
5.3555
1.7292
3.322
5.5243
1.1083
1.4174
2.2717
1.3301
-1.8068
3.4472
-2.3246
1.0866
-2.2252
5.9043
2.2562
3.4369
1.2115
6.7605
0.78805
5.4551
5.4594
0.42321
3.2881
2.3798
8.345
-0.98266
-2.7536
2.9326
-0.90883
0.23255
2.9943
-1.8942
5.2151
3.2642
6.2672
1.0644
4.7391
-1.3567
2.7225
5.3703
0.055369
2.2621
6.904
-0.35352
-1.3312
4.8008
1.9295
-1.302
-0.68113
3.0388
2.7347
0.94526
2.6872
3.6933
-0.1929
1.0407
-0.17697
6.0197
-1.8361
6.8423
0.29069
1.9939
4.8726
4.2133
0.97582
4.6657
-1.5392
6.1444
5.4813
2.0555
3.2117
4.9385
1.0168
3.6362
4.0616
3.1159
-2.2616
0.993
-3.9287
0.85097
-0.36957
1.7119
3.1322
4.49
1.5705
2.1204
5.0398
5.8901
2.6528
4.5838
-0.1897
6.7569
0.011682
-0.3026
3.6144
1.804
-2.7595
5.2324
4.0856
6.9429
2.8845
4.1149
-1.4544
7.5784
9.1144
0.85604
-0.084344
5.0003
-1.4058
2.4608
1.5955
4.4799
-3.9065
2.3703
2.7857
-3.3133
1.5235
3.8875
-1.8273
1.0999
2.5905
0.43225
6.7195
4.3083
0.26372
2.9949
5.3864
2.7447
3.6708
3.9294
4.2174
-1.9682
-0.030381
0.94134
-2.7923
-2.2057
3.0729
3.0767
4.7738
3.0968
-0.30035
1.9528
-0.14954
4.6015
-2.5329
4.5783
3.4943
4.3193
0.26415
2.5914
1.8769
-2.5325
3.4544
3.3278
-0.22932
5.7201
-3.2954
0.76702
0.82751
-0.14115
0.0081659
3.4491
-0.62139
2.2066
0.72463
1.6149
7.797
0.37443
4.6566
2.1136
2.0944
-3.7078
5.0623
2.4636
0.69795
2.1123
1.673
7.4961
-1.3205
0.3154
2.7884
7.5625
2.772
5.3334
4.2579
4.1568
5.8626
8.8737
2.4428
1.1299
2.5616
1.0905
-4.934
1.6521
2.5035
0.9011
1.3494
5.7087
2.2476
1.9103
0.015962
0.32827
1.6973
2.3838
3.1658
6.9057
6.0697
-1.5916
7.2698
-0.9565
9.7136
2.5979
0.68382
-4.0639
0.80606
6.6264
0.76202
0.64754
-1.939
-1.5218
0.26394
3.0801
-4.1869
4.0021
0.55666
4.413
1.987
0.67192
3.5083
3.5155
8.0754
-1.9036
-0.10609
-1.6703
0.28963
0.48382
0.67572
0.59322
0.46884
1.2886
3.2847
5.3411
0.90512
7.4823
4.6183
5.659
-0.9406
-3.4846
2.9808
3.033
-3.1008
-2.4576
3.0562
5.1094
6.069
-0.75479
3.8139
3.8427
1.9038
-1.1556
-1.3134
4.2216
-3.0462
1.1152
2.4214
5.2789
0.92255
-2.1775
3.0441
-0.15898
7.3324
-0.60383
2.513
8.1272
5.1623
1.9493
3.4375
9.2082
6.2019
-1.9852
2.5541
5.1946
-2.6045
2.866
1.7955
2.8651
-0.41523
-3.481
-1.2173
7.6247
1.6108
-0.85459
6.4036
4.757
-0.58778
5.2249
5.3312
-0.32128
3.6197
0.88778
5.7524
-1.7862
0.7744
4.4624
1.7614
3.7292
7.2126
0.72092
-1.2875
6.6869
0.6878
2.9549
0.25411
-2.7064
-0.84201
5.9367
0.75457
1.5495
2.9001
5.5305
2.4572
1.2245
-0.55741
3.7484
-4.2649
-1.5249
4.209
3.3406
-1.8305
3.6111
3.4084
-1.5529
1.7847
6.8063
0.51944
-2.0426
2.4763
0.31954
0.92388
3.2305
1.8355
0.85568
-1.0952
-0.46075
-1.0705
0.18451
7.2816
2.443
0.35194
1.6164
2.736
2.8282
2.9562
5.2716
0.96835
3.0653
0.14415
-3.5769
0.28419
6.2539
0.93622
5.0656
3.8055
0.20825
7.7401
4.6203
4.7077
-0.7289
0.058775
3.9393
5.5993
1.9209
7.1358
1.6166
4.1542
2.0101
5.2819
1.0188
1.9058
-2.5249
2.9068
2.2692
3.5843
3.0146
-0.0080053
3.9921
9.8305
0.075608
4.7969
0.2667
-0.72528
-1.3684
3.7261
2.0997
4.6211
1.43
-1.5261
1.405
1.7787
3.8372
-1.6313
-3.5294
3.3765
-0.32964
0.52768
3.6511
2.055
2.4948
5.5529
5.1977
2.0108
0.40498
-1.5814
2.9473
8.9392
5.1412
2.6749
-1.2937
-1.6776
0.40993
-9.2265
3.2522
5.7305
2.3318
1.0187
6.0587
0.71677
0.26188
4.7779
2.0165
0.096527
4.575
0.55767
6.4691
0.11183
0.21815
0.11392
3.0688
5.9153
3.097
4.3162
5.766
1.615
4.8459
1.6265
8.2998
2.7808
0.36356
2.3013
-0.19871
-2.5725
3.0493
2.6986
3.962
-0.53486
-0.41535
0.52775
-1.0171
10.074
3.1146
0.040621
3.273
5.6886
4.0328
4.7499
3.4422
-2.5214
-0.27968
5.1795
1.4057
2.7776
3.6648
-1.0643
2.5703
0.69563
-2.4225
3.1797
-0.53224
0.4915
-2.0177
0.19111
3.3186
6.7145
-1.3946
3.036
3.5702
5.1319
5.7796
-1.3176
2.1841
5.6921
3.6353
6.1999
5.6495
9.0314
-5.8601
1.0044
0.9841
-2.2709
0.43629
6.2667
2.1779
4.8818
6.9047
1.1292
0.77115
-1.9514
1.1681
-0.14408
1.3421
1.3233
-0.18509
-1.434
0.86694
2.0439
-0.68701
3.0567
1.5676
1.218
4.7352
8.9185
4.5429
3.9281
2.0142
2.3894
3.7443
0.34106
-2.4777
3.2873
-0.1056
3.1812
-0.49163
-1.7603
-2.2103
2.8433
7.8636
2.6013
3.4715
2.4314
2.6903
9.0964
-0.3438
1.5233
-0.021128
4.1421
2.7656
1.0182
4.2263
-1.0171
2.3583
2.6013
6.7216
3.6159
2.0992
-2.0252
-2.4127
3.7719
-0.10055
1.2764
-0.60825
2.5448
2.6836
7.2342
7.4536
5.1849
5.252
-1.509
5.8273
-0.82472
-2.7984
11.499
2.956
0.01119
2.0238
2.207
-4.2101
-0.14665
3.588
2.1066
-2.9887
0.52552
1.5498
2.244
-3.0363
2.766
6.5872
-2.7782
3.3164
6.031
3.141
3.7672
0.57489
1.4444
-1.4341
1.6355
0.34215
0.025902
6.3418
1.6488
3.8898
3.1259
-1.0447
-3.6696
-2.3013
2.8278
1.0964
4.2785
0.86016
-1.9669
2.289
5.3031
2.7963
1.4421
0.7372
5.8044
4.7429
0.71105
-2.0392
-0.74065
3
-1.2778
0.83915
1.6327
0.020667
0.12657
1.3211
0.34748
-2.0268
4.2098
-0.75865
5.1051
0.96978
1.0764
5.8867
2.7833
0.79318
-0.48087
0.44835
3.1997
4.5414
2.144
0.52123
3.0063
4.0136
0.73501
6.3294
0.90716
4.6949
4.905
2.1699
1.746
4.616
-3.411
2.1012
2.2074
3.0968
-0.65458
-2.2305
-5.9151
3.6353
5.234
0.66701
9.138
0.077074
-1.9338
1.5629
2.3174
4.0471
2.3631
-0.29086
-2.5691
0.23992
-2.0912
4.1708
1.6891
-3.559
3.0968
-0.76722
6.0511
2.1566
2.6877
-0.36214
3.569
2.1947
2.6485
1.0392
3.9301
-5.3176
2.497
5.1446
1.428
3.7344
0.21351
2.5182
0.24807
5.4351
3.4098
6.1278
1.8747
1.8221
2.9399
6.3452
-5.1704
-3.0297
5.8003
7.6806
1.3857
6.0614
8.5106
2.5691
0.63342
0.56842
1.2316
4.396
1.4881
8.1119
0.98096
-0.14757
3.6336
2.7059
3.3876
-4.2816
1.55
-3.5006
2.556
4.295
5.5387
4.2589
3.4522
4.3263
1.83
1.8845
5.0613
5.2619
0.58751
-3.3918
-4.886
-2.8677
-1.0002
3.3414
-0.32752
1.744
3.1082
-2.1586
-0.55075
-0.24814
-0.40537
0.68225
4.3615
0.47759
4.0829
3.021
2.5756
4.9251
8.4205
6.402
-2.7521
3.5897
-1.7405
-4.0324
-1.6321
-4.5457
-1.3938
6.0629
0.57054
10.042
3.1725
5.012
1.562
1.1613
-0.3501
2.4824
-2.4488
-0.5502
-1.2077
2.505
6.5477
8.4726
-3.2671
3.0402
0.037696
-1.2444
2.3101
0.58441
2.1534
4.3055
-0.80644
1.5419
-3.1011
0.85024
4.9666
-3.2371
3.1726
-2.056
2.657
0.64913
1.1644
-2.8117
-0.73321
1.4209
2.215
1.4261
0.076311
5.9857
1.4166
-0.32769
-0.27594
1.7732
4.787
0.7263
4.6147
2.6796
0.31002
-0.45167
2.532
1.69
-0.71497
-0.38303
3.6174
3.565
1.0658
4.4784
0.95018
1.6535
5.7045
0.38024
-4.1289
-1.8666
2.8725
1.3526
10.254
-2.2452
1.2684
2.1208
-2.1215
5.2376
4.2318
6.6286
4.0626
-8.6505
-0.90116
2.9354
-0.44521
2.8501
1.8013
0.35751
2.2042
3.5389
5.4293
-0.68184
0.28468
-0.16193
4.5437
6.7179
5.1672
6.023
2.7478
-0.40512
4.0392
7.1791
3.5182
4.7876
-2.6305
3.7132
1.5382
3.66
5.8304
0.081763
6.5178
-0.83018
2.1225
2.9209
5.2005
1.0306
-0.80762
6.2498
3.0879
-3.741
2.9598
-3.1018
4.3727
6.1615
1.4517
-0.72518
5.6808
0.46789
-0.45542
-1.7853
-2.4029
2.8273
1.0048
4.3655
1.8299
1.3709
-3.1644
-0.32639
2.3133
0.71556
5.8251
-3.4943
1.4564
2.3437
-0.16707
2.336
6.9838
-1.1512
0.94736
-2.2572
4.1838
-1.6182
-0.57458
6.2689
4.4703
-0.26791
5.0496
0.022712
2.3181
7.5031
8.7715
0.67054
1.91
5.1173
3.8225
1.3009
1.3716
-0.35209
-4.8159
1.53
-1.5936
1.3162
9.4049
2.1017
6.5286
-1.3321
5.8267
-3.0208
1.1602
2.8723
3.8603
1.6272
-1.2467
-1.653
-0.16647
-1.0575
0.26274
-0.85157
5.7262
2.8097
2.8504
-0.51695
2.8304
2.969
-0.80815
-1.5675
-3.8048
4.6184
-1.0364
2.1402
2.2493
2.2736
0.085386
1.3209
1.0793
6.0487
-1.4686
1.3823
5.1992
3.2632
-1.2646
4.3795
-6.1055
0.52223
6.7032
3.4954
4.3748
1.7211
0.85935
4.0877
8.9512
1.1948
6.3111
0.38209
0.70978
3.9522
-0.70616
4.8268
-3.0498
-5.2622
1.5232
2.9866
5.8262
2.359
4.8633
2.7217
4.0385
-0.90631
1.7708
0.20663
1.289
8.89
-2.2125
2.1025
1.0373
3.1381
7.378
4.7369
0.029259
-2.3013
4.544
-0.97635
-0.14579
3.3961
-2.5673
6.6687
2.3085
1.2977
4.4235
4.4186
1.2525
5.307
3.1019
5.3
2.7904
1.4267
7.2462
-0.34962
3.8993
8.0672
0.75996
3.9039
2.9587
0.95526
1.9893
3.8534
8.9854
4.6593
1.2677
-3.9194
2.7472
2.7829
-0.37444
5.028
3.1726
3.7607
0.54144
-0.051563
0.59773
-1.3317
0.43238
4.1805
-4.766
-3.3159
2.0798
2.9855
-0.84649
3.6093
5.7771
4.0512
-2.6902
-0.19169
-0.56143
0.98374
-0.013854
-0.52484
7.7297
1.0011
1.5427
2.8591
-3.1967
-1.4249
3.4096
3.0542
-1.4831
5.377
1.7998
2.4251
2.3279
0.35008
-3.4938
1.6074
-2.6949
1.506
2.622
2.5939
-2.1588
3.0998
-1.6314
2.755
3.8096
6.7952
-4.1524
4.4878
1.5135
1.7741
0.31279
2.7025
1.2241
0.14371
0.38418
3.8488
3.4749
5.3019
3.0888
1.5623
-1.4151
2.9444
1.0802
2.6645
4.6237
0.52146
0.55322
1.2224
2.6378
8.1108
-0.61868
6.0198
1.3537
4.6937
2.1791
0.39736
1.2224
4.8766
5.8004
4.8831
0.30872
-1.8665
3.2026
3.5839
-5.5377
2.0727
8.2867
1.4347
0.067424
-1.0233
-3.4329
0.53168
2.9043
-0.95172
2.7604
4.3639
0.22011
3.4766
3.6965
1.8716
7.8693
-1.8166
2.8252
-0.78023
-0.16529
3.3229
5.2787
2.5103
5.9145
-0.79039
3.0145
0.40732
-0.27207
-5.8947
4.2805
7.6246
3.4989
6.129
2.1769
-1.6913
-0.61742
-0.408
5.3071
0.55892
2.2743
-1.9994
1.4508
-2.8776
-0.10727
4.2785
7.129
3.4563
2.2917
5.2198
4.1841
-5.3466
-3.3747
-0.50007
-0.62083
-2.8007
-0.034761
-0.79353
5.3007
0.17007
-1.828
0.7512
-0.054902
2.7865
1.3061
-2.4566
3.741
0.90815
0.19991
-0.55539
4.3817
1.6732
-2.6584
8.5124
0.97491
2.8132
3.0645
-1.9196
5.6634
2.7534
2.431
6.0519
2.4773
-3.1669
1.9518
5.501
5.6379
2.794
-3.0804
5.2893
1.8278
2.5757
5.8438
3.2083
-9.1666
-2.9912
-0.48403
-1.8739
2.4604
2.4559
-0.07934
5.5084
-0.36425
0.96322
-0.0021338
-0.68939
2.1639
-2.1825
1.0634
4.491
4.4413
-3.8382
3.2202
0.62605
3.3516
2.5164
1.0518
1.9601
3.8237
4.1781
-0.24907
-1.9821
0.74284
5.06
3.0284
3.182
0.6724
-0.29698
8.2311
1.6845
1.9003
1.1789
2.2091
1.0415
-1.1327
3.4788
6.3194
2.5546
-0.23245
2.1693
5.0609
7.3494
-2.2157
2.342
0.70015
3.6338
2.5067
0.23412
-3.4216
-1.6425
0.1808
1.1789
5.5272
0.21628
3.1161
4.7175
2.695
2.2544
0.16836
4.524
6.8859
3.4266
2.9219
2.7061
5.1021
1.0073
0.46342
3.5956
1.0806
4.6755
-2.3916
5.9791
-0.19186
2.7156
0.59636
4.1407
-2.2525
-1.2019
6.8971
-0.92617
-0.095085
2.187
-0.39611
2.4401
5.5278
2.2061
7.1786
-2.3492
1.1461
-0.62212
3.1055
-1.785
-3.2788
0.8194
-3.4451
-0.69432
0.35809
-3.0112
3.6918
2.9168
0.11855
-2.177
1.1741
1.4964
-4.5188
5.9223
3.3066
-3.2606
7.9342
1.5394
-2.4202
-0.77813
2.7881
-2.3194
0.57937
1.6955
0.72509
2.611
-0.13604
1.2485
2.5722
-4.6603
-3.7546
-1.2012
2.2396
2.6084
-0.19336
5.9373
5.399
1.4687
11.977
0.90407
4.9502
1.8109
-3.1746
7.6395
-1.1907
2.2212
7.7624
3.9282
3.113
1.5637
2.7356
7.6705
0.61712
1.3354
0.63327
0.76385
1.4826
3.8566
2.2646
-0.28216
6.9559
-0.60871
1.0087
2.2403
-3.0466
-1.0272
-1.881
-5.9929
8.399
-0.19106
4.5202
2.0516
-0.98241
1.8788
3.2142
-1.4284
5.5943
5.5905
1.7079
3.843
-1.6558
3.7156
1.6151
6.8256
-0.87122
8.0345
2.0603
3.3365
6.3486
5.3089
-0.62759
-0.74572
-0.74447
5.2243
1.5929
0.66587
2.2476
5.1073
1.5233
2.9278
-4.9462
-0.0027516
-1.1998
0.082532
-0.2859
0.73368
0.52602
3.9732
6.3082
-2.6051
7.2585
5.8492
2.2809
6.7403
2.7344
-1.0608
5.3835
8.6974
-0.32274
-1.0044
5.415
1.9281
-2.0915
5.7089
1.5378
-0.38562
0.25528
0.50701
4.8123
-1.4672
3.4077
5.0132
-0.57953
3.0032
-2.9604
4.0906
-1.3666
4.4191
3.3007
0.7658
-2.4396
5.9948
2.4581
7.0319
2.0257
-3.3352
7.0702
1.1258
4.7732
-0.16672
3.8355
4.505
5.0393
3.4971
1.8776
2.4334
2.907
-0.21539
3.6513
-1.1934
-3.7161
2.4997
2.5932
2.6622
7.3185
5.6986
7.5914
2.6611
4.7259
0.22649
1.3071
-3.2433
2.2095
4.7809
-1.1745
1.3325
-0.17224
-0.42522
4.7072
2.2018
4.2188
3.1903
4.8074
-4.7716
-1.0664
1.4843
3.0437
5.4453
0.081129
0.18516
1.1445
4.0857
2.3193
5.3771
-0.3158
3.2334
3.1616
-2.932
2.8892
7.2191
-1.5934
0.088756
-1.0503
5.3872
0.33046
4.2541
-2.9343
-3.4677
4.9921
3.7799
2.8402
4.9012
2.2028
2.4197
-0.62468
2.0285
-1.301
-0.6721
0.5683
2.4162
6.8085
3.1326
3.2184
3.6298
5.611
3.7413
2.191
0.70087
3.7917
-3.0506
2.1252
4.8297
1.3161
3.7305
2.5173
3.7551
0.5196
7.0138
3.1898
2.423
-1.5718
1.4206
-2.3368
1.1342
-1.6874
1.8081
2.4566
0.54636
6.8987
6.1067
6.2417
3.7722
4.34
0.028267
2.3954
-1.3673
2.7195
5.4265
-1.3026
1.3734
-2.3982
3.8188
5.6925
5.4304
-1.077
-0.1271
1.6935
0.81463
0.41734
-5.5736
3.91
1.2967
4.0801
2.7936
-6.9356
1.0961
4.3583
5.1355
1.0483
3.5615
2.7139
4.7656
7.8908
-0.73431
8.2998
2.6434
-0.3971
-0.43102
2.3533
2.4141
3.2327
4.481
3.0848
-1.0735
-0.070477
-0.27667
0.22864
3.0655
3.0221
1.3174
-0.99651
1.0225
3.7911
1.6112
6.321
-0.45518
2.8825
5.4541
-0.5808
1.8317
-1.6442
-0.79331
-2.3419
-0.80425
3.1029
1.2795
3.7491
5.0832
3.0877
4.3264
4.2649
9.072
4.2716
-2.476
2.8873
4.0022
4.828
4.4514
0.52428
2.0831
3.0356
2.6472
8.087
-2.8136
4.567
5.5593
0.2282
3.487
1.733
-1.1003
2.302
7.0044
0.80256
3.8826
-1.364
-0.76498
-1.7171
-2.3041
-0.82757
-0.69893
0.67381
-2.9306
0.47944
-0.32476
-0.3812
1.0495
5.5153
1.9856
3.2631
6.7565
4.0538
2.3882
5.2581
8.6896
0.44911
4.5451
-0.44198
-1.7454
-0.032227
1.7788
-3.8852
-2.7958
1.8288
3.8017
4.3564
3.312
1.4606
3.59
9.4786
7.9304
1.8219
6.2433
0.13825
3.0524
2.4333
4.2899
-1.6448
3.8728
2.5059
2.9863
-1.0858
0.81927
-2.6324
-0.20159
-0.9097
0.95112
2.5077
4.5439
-1.2072
2.8809
5.2595
4.8839
-2.7833
4.1961
1.4937
6.1442
4.7879
0.95346
2.8083
3.5326
-5.3835
0.15804
0.81366
-1.4343
-4.6971
4.5201
0.15864
5.5165
-0.87472
4.8594
4.1103
3.6797
-1.114
1.4651
0.59018
-0.87966
0.66492
-2.8635
1.5278
1.4076
-0.4941
3.912
-1.1458
1.2555
3.5747
2.6397
-5.1921
-0.31726
0.78169
0.34004
-2.0589
1.8707
1.4971
5.8388
2.3367
4.1164
1.6088
-3.4764
-2.4198
-0.25421
0.69881
3.7291
-0.50337
0.11361
2.7676
0.31385
-1.6853
0.33788
-0.040827
4.0735
2.6658
3.6378
0.62076
8.3501
2.3273
-0.75948
-1.9708
2.296
0.78008
-2.0557
0.59055
-2.884
4.0473
7.8311
4.2207
1.0305
6.0789
2.8731
-4.657
1.5661
2.2361
3.6867
1.5072
5.5211
-1.9852
9.3776
6.0566
1.2597
2.8641
-0.61802
-0.79227
2.2285
4.957
4.7775
8.3945
1.0225
1.331
-6.2029
1.0744
2.4383
2.1132
0.05706
-1.8622
0.76695
8.6016
-0.78714
2.008
-1.4729
5.4936
4.3593
2.481
1.8574
6.4366
3.7333
1.9894
2.41
6.617
3.4845
2.8066
3.7057
1.7042
-0.96167
3.1028
-2.8669
-0.082443
5.1738
-0.083735
2.8103
1.3542
2.8324
3.2708
0.49723
-4.3737
5.0635
0.32624
2.8544
4.9087
-1.2472
5.7685
4.2235
2.3671
0.92363
5.6156
3.3374
3.597
10.079
3.6639
5.5296
1.8479
7.4068
1.7147
-0.98498
1.9501
-3.1481
5.7728
-1.5525
2.8449
4.743
3.4482
3.1207
-0.59343
1.8348
4.7912
-0.29074
-1.7071
-0.096
4.5633
1.1763
2.6686
-3.2345
-0.31789
-0.098442
-1.7978
5.5219
5.1197
-2.7016
2.7496
-0.89666
1.5028
2.137
7.1287
3.1113
0.030641
4.4941
4.628
2.4149
8.7267
1.4997
0.62286
3.6386
-1.9069
0.76543
0.37977
6.0994
4.1205
3.8227
4.7594
4.6982
2.0982
-2.2476
-3.0426
2.1133
6.9904
4.493
5.143
7.3815
0.54463
0.099113
5.3057
-0.15106
8.6001
4.6719
0.093705
0.87949
3.5656
4.1387
5.5052
3.0199
-1.0442
2.2794
-2.6086
3.7287
3.7162
2.44
-0.77717
5.8194
4.9638
-0.13559
-2.0029
5.0127
3.8255
2.1078
2.7661
4.0915
0.70646
6.6617
3.04
-0.29946
0.51964
6.5136
0.05043
-1.1815
5.4642
2.9578
8.6106
1.1963
3.9142
1.9419
3.2968
-2.7692
2.749
4.2893
1.9828
0.92093
2.0777
-4.2678
5.7256
3.0264
3.6518
3.9641
2.8604
6.2551
-1.3568
1.7759
5.2524
1.9564
3.9288
-2.8596
3.0462
5.2502
-4.7204
1.2931
-1.7595
-1.0906
3.7785
5.2708
1.3716
0.44234
7.4067
1.7416
3.1418
0.95622
3.522
-1.6665
2.0647
-0.65713
1.4251
4.0685
7.878
0.64388
3.5998
0.62883
2.2683
10.348
2.544
0.20916
5.0067
4.7744
-2.565
0.079744
0.65595
1.239
2.3147
0.31891
3.3003
3.4123
-0.52771
3.1278
-1.3656
4.4747
1.3585
4.1601
-0.9804
4.3456
1.1712
1.7821
1.1848
4.0137
7.4082
4.6883
2.0883
-0.24273
2.2521
-0.99286
1.7379
4.8262
1.7375
5.5783
0.5055
3.3126
2.9901
-2.2004
0.43436
5.0148
-1.4134
1.5403
-0.92275
-0.9385
-0.76436
4.4694
2.0197
3.1224
0.33441
1.6261
4.5109
-1.8624
-0.27554
5.0617
7.0833
-0.58956
3.3178
-1.7406
3.9731
2.3994
-1.0414
3.5269
5.7935
1.5272
-0.69589
-1.3539
-1.7257
3.1954
3.0182
-0.35073
4.2621
-1.1968
6.4621
-4.3832
1.1787
4.2599
2.0368
2.1472
0.47444
7.8958
0.61899
4.094
5.6338
0.98072
6.3459
3.3317
-2.4634
0.58617
1.5644
3.9138
4.1381
4.0912
-2.341
-2.5773
6.0365
4.4703
3.2366
6.6386
7.5408
-0.31689
2.1257
3.2932
2.3611
2.6084
2.5825
5.2597
-6.2462
1.9823
1.2487
0.59389
2.432
3.6026
1.1452
2.0544
-2.9498
-1.3429
0.88007
1.4889
-1.2009
-1.5419
3.8388
2.4045
6.1307
3.6372
-1.4969
-4.6557
2.4177
1.3186
3.6637
4.7419
1.3994
2.4464
-0.16407
5.6039
2.1557
0.40223
0.62764
7.4548
3.5239
3.2613
3.0108
3.363
3.4168
2.0191
7.1348
1.2817
-0.53031
0.76175
5.5489
4.3446
5.5159
1.3575
2.4528
-3.4429
4.8368
1.6775
2.1681
5.0405
1.1799
3.2925
-0.15354
0.40448
3.625
1.3647
-2.697
0.3864
10.729
3.4785
2.6453
0.77296
-3.4584
2.4068
-7.2369
-0.77014
-2.3654
1.3601
5.2209
3.5478
0.669
-2.8796
0.4005
-1.5567
3.2884
0.24314
6.2502
1.6479
-2.5566
2.2377
4.1521
0.51218
3.8532
3.0179
3.1533
1.0204
1.6171
1.5972
1.6146
-2.3672
1.9452
-1.5713
2.3838
-1.4993
6.0883
4.4629
0.38242
8.1938
5.4181
4.5602
-4.2183
-1.7973
-0.10684
1.0169
-1.9347
3.9652
0.43186
1.5039
0.35436
1.7352
6.1165
-3.4914
-0.88439
0.58726
3.6642
-1.0693
0.42566
4.1105
-1.6838
5.1428
3.0265
3.7097
1.9553
-0.99236
-2.7986
2.4601
4.1467
4.1726
1.7419
6.9444
2.5551
0.79104
2.3157
0.15209
4.0626
6.6703
5.1203
2.7448
-2.0824
0.089985
3.2091
1.7702
6.1473
3.9826
-2.3011
3.8989
4.0058
7.2521
2.256
2.789
-2.7262
0.61898
-2.4806
1.5561
-0.33843
-1.8642
1.9865
-0.5221
5.8033
8.6822
2.458
2.8468
-3.875
6.4922
0.12852
3.1727
1.3961
3.0307
1.7408
2.3921
-1.1922
2.3981
-2.4651
1.6743
2.5478
1.1647
2.9772
4.655
-2.782
-2.3661
0.14067
3.2846
3.0371
0.93398
3.7403
8.2363
-1.2371
-0.53825
-3.49
2.4008
4.3844
0.8855
5.2701
1.3053
2.7311
5.0417
3.7637
2.9471
6.2794
-0.74218
0.60576
2.8886
0.92887
0.30843
4.1611
0.47709
3.1852
1.4499
0.69259
3.3718
2.8733
-3.9211
0.98283
-1.2358
2.3357
-0.1524
1.9575
5.7607
7.1053
4.3956
-2.7944
6.4016
5.2252
2.7603
9.2914
0.61714
7.381
-1.3195
0.8083
-1.5177
3.6878
3.0918
0.046346
-2.2209
-6.0928
-0.86086
-2.3036
3.9833
5.2323
-4.0065
-3.2422
0.56316
4.842
5.7596
6.4114
0.81083
0.027159
-1.1013
3.6528
4.2944
-2.5904
1.5805
0.40608
3.8065
5.4317
5.5985
3.4625
0.74385
0.56703
-1.523
5.493
-0.69507
-3.842
-0.48104
6.3532
2.7585
0.89972
2.6129
3.1653
3.3138
1.4592
8.8533
5.1747
-5.4308
-0.85424
1.9025
3.4915
1.1457
1.8624
1.0253
-1.9491
8.3893
1.4116
8.974
-0.67066
1.2284
-1.9265
-0.56681
4.7061
4.2673
-0.62642
2.4529
0.67881
4.4829
-0.30797
6.6673
-2.6511
2.8722
-2.5391
-0.17696
-1.2268
6.6465
1.5124
2.9775
-2.3257
-0.88022
3.0427
1.6906
3.9819
5.4713
-0.75817
-0.91157
3.3683
1.6376
2.0387
-0.65669
-0.84576
3.3404
6.6804
0.96045
5.3245
6.1091
5.216
6.5492
3.0763
-2.8427
-0.47131
1.5363
-2.3558
0.42739
5.8241
-0.34142
2.6089
2.8439
7.5357
1.2445
3.9361
-1.694
-0.63143
2.9796
3.5731
0.5835
2.8242
-0.018196
3.7227
-0.10704
2.7539
3.0572
6.2986
-1.3284
2.6413
-3.1792
2.3805
4.3529
-1.2015
1.3846
5.6859
6.9674
2.0061
6.4575
1.5243
-0.62181
1.6885
-3.2278
-0.47876
0.13633
6.1353
2.6677
8.1324
3.3354
3.0609
1.3288
-0.67462
2.5084
0.87158
-2.6718
3.5448
1.505
2.786
0.43881
4.0562
0.20439
3.0674
4.0046
1.6239
-0.76111
2.7159
5.2316
-4.5341
2.342
2.4234
3.0499
0.86397
3.0145
0.33773
2.7659
5.4444
1.7277
-1.2377
1.6899
3.3023
1.1893
6.9838
0.67649
0.72477
6.889
2.8959
3.6059
6.0009
0.034447
1.4429
4.6085
-0.38998
2.7166
-1.4902
3.528
8.707
1.5124
0.7932
6.9833
-0.81401
0.87022
1.9016
3.821
-1.2671
-0.90333
2.9133
1.4326
-3.028
-3.1708
-3.1964
2.0594
3.3594
4.0012
-1.186
-4.0325
3.7767
1.7474
1.9468
0.78171
1.0653
7.7053
1.5385
3.5324
-4.5139
-2.462
-0.34511
2.4404
3.085
9.5294
-3.272
-3.1844
1.1565
-0.60827
-1.1158
4.8587
0.71997
3.4056
2.6103
-2.802
4.2976
1.2311
0.013535
1.5404
3.18
5.3149
2.3063
-3.174
4.503
0.36057
7.5356
3.8301
3.9624
0.97692
-0.52975
-0.1897
-1.8898
-0.47103
5.5458
0.20522
1.8213
6.6722
0.50387
1.3957
4.074
2.5982
3.3878
0.86492
1.4693
6.8597
8.0645
1.8969
-0.32219
1.7275
0.26773
-0.15566
-3.9231
-2.6503
1.9119
0.058724
5.9668
-3.5536
-0.78607
3.5083
3.407
0.67936
-1.0103
-5.1137
0.57253
3.4086
1.6371
-2.1076
4.8673
4.2109
1.4289
2.2466
2.2209
2.5351
4.3155
0.91903
6.767
-1.4342
1.0341
-0.40262
0.0027727
-2.9558
5.4972
2.2288
1.6192
2.2886
-0.13227
0.89014
4.6921
1.8003
3.5331
3.9661
5.0845
0.39508
-0.23578
3.1383
-0.82849
5.5268
-1.22
5.2748
6.8793
-1.8655
5.5463
3.557
2.347
1.2861
1.4429
4.6488
0.059896
0.17061
11.271
6.7745
5.2618
4.874
1.9239
-3.2187
1.4269
4.2843
4.0147
6.8133
5.6665
3.3615
0.34482
1.152
3.5319
0.58698
0.66573
6.3631
1.5987
-2.7437
-4.5783
2.7356
0.56282
0.80774
1.5811
2.1117
-1.0573
1.924
-4.587
-0.80162
0.81751
2.8322
2.8334
5.8003
7.047
3.3349
-0.47972
3.5998
5.7581
5.3848
2.3074
-2.3668
-1.8661
0.90169
3.5619
0.23178
-2.7065
5.963
0.64232
5.0011
3.3113
-1.9158
2.1654
4.0216
-0.057195
-0.08295
2.961
-1.1135
-0.045073
5.9774
0.96851
3.364
0.53356
-2.631
0.56467
0.3154
2.6032
0.49086
5.0312
-4.1674
3.167
0.40333
4.8938
2.2047
6.8956
0.77445
1.0475
3.4258
5.1605
-1.6238
-5.9501
1.4288
2.7467
6.5696
1.2179
2.2754
4.0114
0.14457
-1.042
1.3102
-3.3299
3.5166
-1.1091
-2.6668
2.1756
3.4352
1.2964
3.5927
4.2625
4.0456
1.3762
2.796
0.34319
6.5291
-0.15992
-1.4577
0.12147
-0.082785
-1.8356
-1.8308
7.188
2.2014
-0.7713
5.2013
-0.87534
6.6027
1.1251
-0.30596
5.9609
0.32689
2.0268
4.1815
2.8711
0.082852
-4.3189
-0.34631
4.0475
5.2292
2.7369
4.7813
2.9684
6.3568
6.4974
0.25006
2.0605
3.8038
5.85
2.443
0.4555
1.9103
-1.9989
0.4034
-0.5786
2.5469
1.2676
5.437
2.5893
-1.4006
3.3178
-0.98564
2.6219
9.3358
0.68707
2.605
5.4374
-1.0453
5.763
0.79752
4.4981
0.39861
7.1921
5.5796
-0.05838
7.4876
1.1617
4.4198
2.5336
1.9854
8.093
-2.6159
-2.5523
4.4356
-4.4907
4.465
5.921
-2.4592
1.9024
0.20371
4.798
0.1002
4.4114
-0.29291
5.2322
3.1184
-1.5577
-1.4533
2.1699
-3.9341
4.7472
6.4294
3.984
-1.4424
2.7215
8.7131
5.773
3.6374
4.6223
6.0302
2.5762
1.6805
1.1907
2.4846
1.3032
-0.29235
-0.78898
3.8236
0.30467
-0.82354
-2.114
-2.1207
4.0598
0.90784
3.8572
5.6462
1.1995
4.1764
10.688
0.9939
3.3428
1.0836
5.3508
0.79933
0.74854
3.9889
1.9347
-0.053911
-4.5005
-2.2236
0.37803
4.3649
4.0968
3.6386
5.0835
1.4019
3.1447
1.8144
3.3477
1.4435
5.0983
-2.6851
9.0858
1.1892
-1.6963
-1.4351
1.8762
5.9054
-0.82992
3.2571
-0.47732
4.864
0.34499
-0.39254
8.5292
2.8384
5.9246
4.8725
2.6308
6.0602
1.6578
3.6382
-2.6613
-1.6659
4.2957
0.9377
0.76949
3.1527
-5.8872
0.91909
-1.2396
3.417
2.0916
-2.596
1.702
1.3227
3.573
0.1229
-2.0485
1.7733
3.5039
3.0827
3.9818
-0.81024
-0.55576
-0.0073932
3.8518
2.8509
3.0529
5.0525
4.033
1.4775
2.4848
8.6842
6.325
0.65439
-3.5939
0.82274
2.4027
-3.9929
5.9086
6.258
1.965
0.82348
4.2542
4.1932
1.6157
0.331
2.7728
7.5845
-2.3651
7.1541
-3.5087
-0.5108
3.7234
5.3285
-0.59046
1.4486
-0.44854
-2.6237
5.4229
0.5559
2.0917
8.3391
3.0253
1.9214
4.1608
2.721
-1.6192
4.2028
2.0252
1.733
4.2858
2.5865
0.35613
-1.6222
3.9536
4.3623
2.6097
2.2752
1.7308
1.6451
1.3698
6.3008
5.4818
0.88144
4.2192
0.26066
-0.15043
1.6332
2.6218
0.3036
-2.3177
4.401
0.66162
2.0689
3.7542
2.2502
2.068
3.0725
3.6461
0.27052
3.056
3.8202
3.0583
-2.5681
5.4422
-1.1209
7.8358
0.015753
1.3413
5.268
-2.0744
3.3913
4.207
3.6138
-0.18136
3.3655
-0.93864
2.8964
0.34467
2.5679
-0.44734
3.2394
0.52414
-0.55564
-4.6194
3.4117
7.2154
0.3339
6.3166
1.4459
-0.4367
2.2479
0.7752
4.0832
-0.57784
2.3882
2.8633
2.3817
2.8596
0.72926
-2.4369
3.0142
-0.83688
5.3409
1.076
4.5882
7.1728
0.98194
0.19465
5.3351
2.9507
2.1118
2.4267
-0.21705
5.1495
0.62033
5.3303
0.54155
6.3678
2.8914
-7.3081
1.4522
5.7799
1.0434
0.048082
3.3465
6.392
4.2258
2.3399
3.5456
3.555
1.4596
3.1928
1.9612
4.1044
3.8633
-2.2826
0.35921
-1.6915
2.2882
-4.8332
1.6459
5.1745
3.3089
6.2346
1.9562
0.38663
-3.5043
9.9066
2.8723
5.1968
3.6057
0.83797
1.0411
-5.5736
-1.0189
0.72753
0.016379
4.1827
3.3698
0.48149
-1.5539
4.3454
1.7589
3.0025
3.0381
1.6415
4.1486
2.6838
2.14
-1.1942
2.1196
4.7506
0.77373
3.2032
3.9049
11.992
-0.15537
1.3881
0.71026
-2.5989
2.5511
2.9763
0.91263
1.8651
1.6929
1.0934
-0.56078
-0.15789
-0.7511
4.0967
1.9224
2.9842
-0.10317
-4.499
2.1493
3.8783
5.4307
-3.465
2.8907
2.4755
2.1384
1.6682
7.834
-1.4739
2.6042
3.3254
-3.9302
3.3164
6.3741
1.1395
1.1262
-2.3686
2.9092
5.1097
-1.7723
-2.0543
0.19874
2.2882
5.3622
3.6862
1.7532
-0.53073
2.1827
3.6166
-0.16535
2.69
2.8104
5.9798
6.6684
-3.5897
5.2834
0.051548
-1.9372
0.18085
0.56794
2.9373
1.3527
-2.0564
0.9552
-3.7219
6.7469
0.068947
4.0862
4.0019
0.03676
-2.5817
-2.5947
4.421
1.641
5.1887
0.59627
-6.7819
-1.2554
4.3871
2.6235
7.6121
3.0396
-3.3793
9.448
5.2189
-2.3798
2.663
1.8665
-0.27329
-3.441
-0.84075
2.8237
0.33228
-0.57141
2.1474
9.8173
2.7369
4.308
0.37585
-2.6722
-1.3813
3.6269
2.1445
1.8586
4.5828
8.2434
4.8888
0.9956
2.9034
4.8234
2.2112
6.4203
5.7081
3.7975
-2.6692
-1.5882
-1.0268
5.1429
1.9222
7.7033
1.6389
1.9684
1.3277
5.8518
5.1615
2.5598
0.49922
0.87384
0.91093
4.0437
5.0417
6.9351
5.1147
-1.2338
5.0181
2.3794
-0.12752
1.3975
1.567
2.0059
2.4252
1.5935
0.66605
5.6975
6.3412
3.6353
2.2095
6.2665
0.89361
1.0959
2.1703
4.9883
1.6944
3.6477
1.6996
2.669
-3.9341
6.1901
5.0197
-1.1806
-5.4246
6.9705
2.1772
4.8016
3.7788
3.241
5.5209
3.428
-3.1149
4.039
0.97898
2.5818
2.6588
3.0297
0.32688
0.28568
-1.2226
5.2911
2.2818
3.3597
5.1045
-1.4681
-1.4043
1.4712
4.0719
-0.60678
-0.25462
3.6025
2.9429
3.6714
4.0776
5.1336
-3.2102
2.434
3.1048
-3.1042
2.2796
5.2023
-2.5624
2.1268
0.27183
4.1209
-1.3669
-1.3916
5.8841
3.4467
6.11
4.6012
3.8462
2.3603
-1.9653
1.9796
2.6187
3.5199
-0.73719
2.274
7.1545
0.34573
2.3183
2.5328
-0.75258
3.0864
2.6348
-5.1313
8.6474
6.1258
5.6326
4.5727
0.97318
-1.5974
0.59058
3.5077
7.732
-1.0061
7.6028
-1.1569
4.4109
1.782
-3.856
9.499
-1.6197
-0.12225
0.6472
0.87374
2.6386
2.9878
8.2762
6.2653
4.8897
0.027797
5.2228
1.4034
1.1338
3.6376
-1.5861
-5.2153
0.75936
-0.53007
4.5601
1.2124
6.3188
0.42566
3.8789
3.4711
3.1764
-0.90786
2.1805
1.6203
0.26851
1.0845
0.55017
1.0691
-0.58464
-1.6601
0.063511
1.1326
5.0013
0.23581
6.6725
-2.0841
7.7002
2.5336
-4.4998
4.1207
-4.676
3.0236
8.7537
1.5016
3.4611
4.0189
0.87513
4.4615
0.87538
4.6355
-0.99403
2.2114
1.1284
-0.33503
2.2657
-2.421
-2.9194
-2.3598
-0.41013
4.5277
2.1495
5.7439
4.9613
0.55665
-2.0824
2.0832
0.95657
5.6724
-0.20095
6.7387
2.7628
3.3932
-0.1451
-1.0475
1.4719
2.0639
-2.3827
2.3313
-0.30597
3.2641
4.9288
-3.6728
-0.17687
1.1868
-4.7547
-5.7824
-3.0806
4.6862
6.8558
0.086328
0.64534
2.5332
4.4434
4.6395
9.5179
3.4184
-1.5039
8.9559
-0.99357
-0.11496
4.7215
2.5266
2.2047
2.0177
-2.0187
-1.8564
-3.0296
4.2676
-0.68731
-3.2039
3.4297
1.2381
-1.9095
2.8708
3.319
3.5102
0.16982
0.93819
0.7037
2.4934
3.5315
6.9283
0.15462
0.11399
1.4703
5.4838
0.8046
4.7851
-0.20688
-0.56798
7.4393
4.581
3.7035
2.0199
0.20064
5.5257
5.3938
-3.2857
-1.4555
0.89512
6.4524
3.1733
5.923
0.26846
3.4313
0.13543
-3.6254
2.9234
2.1171
-0.28512
0.35026
-0.33832
3.5614
-1.1224
3.7756
1.1252
1.2915
-0.63034
-0.51045
-0.018837
-0.75909
-0.11927
0.073843
-2.5592
-3.2362
-7.3867
3.6371
-0.92418
2.663
0.81734
4.5135
3.1382
6.4388
2.7145
3.6169
0.86381
-0.74403
-3.1727
-2.1138
7.2822
-1.8947
3.5361
2.2048
4.0683
1.3287
1.1788
3.8902
1.0498
2.725
6.2506
3.8573
0.21575
1.1714
6.2498
-3.3533
2.9548
6.6403
2.0342
2.5963
4.8983
8.9231
4.8655
0.30266
2.0169
-0.057825
2.0325
-5.3172
-1.0188
3.6794
3.4341
-1.9927
3.5364
2.6024
5.1349
2.5999
-0.82778
-0.69021
-1.7122
2.7158
4.537
0.72383
1.0292
0.35401
-4.6013
-1.7894
0.75087
2.9806
-0.53221
-1.6427
-1.3185
4.3901
2.8321
2.4307
4.3412
4.5723
0.12309
-3.1687
-2.3735
4.7025
3.4124
-2.1808
0.75599
1.8078
2.3541
1.8165
-0.49307
5.3106
0.50037
-0.84833
-3.8838
-1.827
10.27
0.20829
6.4506
0.43785
5.066
0.21699
-0.13305
3.0637
2.4787
4.0831
0.48621
3.6751
-0.099396
4.4739
3.9901
2.8904
-1.1715
-2.9501
0.1993
2.3726
-2.6104
3.5398
6.8378
0.58886
1.5646
-1.0871
1.8244
-0.64569
5.1014
4.3103
2.6991
1.1534
6.8919
-4.474
3.0567
4.0147
2.1365
5.9675
-0.34886
2.1823
6.0948
-0.68662
5.7803
-3.3008
1.3135
6.2846
3.6519
1.9844
2.7733
-0.71934
-2.49
-4.2603
3.8154
-3.7639
3.183
-3.433
3.5077
2.8254
2.4976
0.85585
5.7693
4.5316
-1.7077
0.43692
3.2456
0.86256
5.224
-1.7778
3.5735
4.1735
3.0357
2.7417
-2.0701
6.9917
1.5801
-1.7985
-0.96908
-2.3371
-0.80452
3.8334
1.0092
2.5716
4.4247
-0.0015974
4.2719
1.4426
1.1106
2.9907
1.4782
0.26309
7.1006
2.1454
2.0653
0.78784
-2.4077
5.7548
-0.88799
2.3407
2.1696
5.4436
1.2408
-0.45511
0.30346
2.4116
1.428
-2.4147
5.1018
0.5631
9.5666
1.9552
1.2367
2.2571
2.6638
3.6428
9.8806
-3.8289
-1.0368
-0.052107
2.924
0.87305
3.6872
-2.1713
5.4647
2.7948
2.9895
-1.6899
0.21375
2.4926
-0.29643
4.447
0.093886
-0.36594
3.4017
-0.68697
4.9093
-2.5415
-0.19798
8.1032
-0.54793
0.60042
2.8334
3.0684
10.786
6.1992
0.479
3.9931
6.2641
1.8522
-5.284
1.0788
-1.8972
3.7542
1.6748
5.147
-1.0441
5.4604
-1.4865
6.539
2.539
5.5794
-2.2818
4.5904
0.2172
-2.616
5.7859
3.2324
1.526
2.6846
0.54755
-2.0848
-4.3356
-3.149
0.59149
4.0164
1.6851
2.4029
0.63637
2.938
4.4425
-0.23561
-1.8023
3.6309
0.067351
-4.6429
2.7393
3.7942
4.1096
3.1122
1.7621
2.3702
7.8062
2.1388
0.94538
6.1755
5.4716
7.1243
4.8963
3.6758
6.1706
1.5026
1.1281
-0.41682
7.2026
9.0456
5.0518
0.23122
-1.6094
-0.70531
2.1719
-1.8589
-2.6529
-2.5227
3.3494
-4.12
3.4758
3.2696
-1.1678
-0.83802
0.26334
0.086985
4.541
1.5696
-0.5546
3.513
4.9403
-3.1774
5.6119
-1.0894
-3.8345
2.2245
5.3928
5.6717
0.82059
4.0689
1.6279
1.4241
5.4514
2.7161
4.885
3.4695
0.065604
3.6527
1.5371
-1.6753
2.6133
1.9778
0.42741
2.3547
-0.54244
7.7078
-2.786
-2.6211
5.1538
-0.30232
0.081393
0.085858
4.6914
2.3559
3.4911
-3.5801
-3.3459
2.6561
-3.6414
7.701
2.9609
5.9196
-3.3169
3.5965
3.4707
5.4354
0.95595
-2.1044
-0.15382
0.42125
1.0289
1.3605
2.7621
8.3079
-0.5092
-0.0030488
7.2608
9.4011
-0.19861
-3.7421
3.4875
-0.11273
1.7681
1.7004
2.9673
-1.9252
2.7114
0.74774
-2.4695
1.5743
-1.138
10.592
2.1506
1.7043
1.3096
1.6467
5.6513
-2.1598
-0.30349
5.0391
3.4103
1.4208
6.0604
1.7003
4.8474
1.9905
7.3702
4.4867
3.9549
-0.56758
0.67885
3.1544
2.8673
-2.2797
2.8304
3.0609
-3.2992
-1.4537
6.384
0.36738
-1.3945
0.91896
5.7451
3.2864
-4.7512
0.34637
-2.7735
0.16654
-3.7
4.0062
5.0843
4.536
4.9992
5.7332
-0.44405
0.47301
-2.158
-3.8984
-0.80612
-1.9393
2.1603
0.87528
3.3083
-0.80118
3.0194
2.5861
-2.9194
-3.8769
-5.001
0.034912
2.2512
3.5342
-0.98401
0.72554
-4.8126
7.3471
-0.36162
3.1248
-2.8094
0.52235
4.879
-1.6356
3.4963
-1.5435
3.9417
3.4808
1.6293
7.3823
-2.8205
3.6082
7.3421
2.9323
4.1242
1.4428
4.6448
-3.3893
-1.3951
-1.2703
-1.4358
9.1802
7.1915
0.14103
3.3254
-2.9612
-0.1179
1.1231
2.9163
5.6117
3.8516
1.9406
5.7274
1.4478
3.9649
8.1028
-1.51
1.158
-0.93846
-2.7059
4.9704
0.61555
-3.1051
-1.0722
4.9565
3.9404
2.3379
-2.7555
0.43877
-0.88693
6.0162
0.012703
4.5535
7.0863
6.0118
3.8654
-1.8688
8.9722
-1.9648
-0.058688
1.951
4.24
2.8203
-0.4092
-0.984
-2.5054
0.8563
1.1362
1.5787
0.85662
3.5101
1.5785
0.24005
1.1693
6.9188
2.1951
5.184
0.85937
-0.10398
6.1797
3.8358
0.18992
6.1275
1.2909
1.8009
1.8488
1.5346
2.8506
-2.2924
3.6473
-5.3706
1.9488
-1.3715
3.3715
-1.03
4.604
-0.10786
-0.82818
2.8171
0.90704
0.42079
0.33544
4.5417
0.522
1.6606
0.21218
1.4703
-0.36473
3.5474
2.7939
4.5419
2.7601
2.9808
2.5721
6.6422
1.6191
0.92095
2.8399
0.79844
-1.9723
0.21409
0.3275
3.4082
3.597
1.3753
2.6988
-0.67289
1.7056
1.0835
4.0775
4.5918
0.35319
-3.7904
2.1822
5.5067
5.3434
3.8816
4.9769
-0.79367
-1.7706
3.3776
1.5376
-1.5574
4.1176
6.1407
2.7823
2.8404
2.3725
-0.12253
2.0613
4.5661
-1.4283
4.8611
5.7684
1.7411
1.6553
6.1127
3.4216
3.3336
1.5507
-0.44847
0.64601
3.2529
-0.75291
1.9078
-0.20813
-2.0229
6.89
4.6086
1.3813
5.4417
2.2492
3.4166
3.288
2.9064
2.0394
1.9671
-0.17001
5.5352
1.1058
1.8747
-1.2201
2.0939
6.5007
-1.3376
4.1635
-2.3941
3.6082
6.6141
2.3722
-1.4653
7.1566
-1.1501
-0.018912
3.3143
3.1252
1.7698
2.7593
3.3123
1.4934
2.7971
0.8885
0.43949
0.46714
2.2368
-1.03
-0.095586
1.6385
3.0729
1.3864
1.9926
0.11061
-2.5642
0.18874
0.22271
6.291
5.0729
3.529
5.6683
2.2461
0.29329
4.575
-0.035072
-0.34205
3.6272
0.25493
-1.1264
-0.36097
0.088013
-2.114
-0.22665
3.581
8.4949
0.23817
3.7958
7.3402
1.9525
0.86155
2.6298
2.6236
-0.46781
2.3411
0.22192
-1.2916
2.3555
4.6973
3.7933
2.0052
4.1082
5.2375
1.5776
1.0166
4.135
1.9749
7.606
-1.8879
-2.4803
-1.1883
2.4164
1.8257
1.2858
4.8081
1.5426
3.5485
6.8824
5.4744
0.53696
8.6595
4.916
2.6949
-1.1943
7.1087
1.6652
1.6584
2.0881
2.6781
8.6384
6.0576
1.759
6.7684
0.94489
-1.2002
0.63309
0.17882
1.626
1.7939
4.4786
-0.11498
5.0007
1.0809
3.5355
7.516
2.4078
3.5046
-0.081679
2.696
-0.36601
1.4851
-0.12289
2.2712
-0.64278
4.5713
2.7914
-1.8483
-3.8783
-2.5145
-0.80126
1.9666
3.15
-1.6299
-3.3784
0.5051
-3.1276
1.281
-1.4693
3.3341
0.08285
2.1992
-0.89486
7.2049
2.2577
1.1693
-1.9796
3.0205
-1.2834
-1.5031
-0.12201
0.0042882
0.13361
6.9818
3.9444
6.0687
-6.0371
1.1702
1.5505
1.0314
6.9457
0.44783
-0.43084
2.9539
-1.7352
6.8818
5.0296
8.9921
3.6628
2.6137
5.7158
2.4058
1.9416
-0.83187
-0.32259
1.8889
3.9858
4.9352
0.035124
0.58217
-0.65233
-1.7455
2.8772
1.1046
6.008
0.70643
4.622
0.46499
3.3548
5.6914
1.4431
2.6532
-5.8996
0.58572
2.5997
2.331
6.9866
3.0217
1.9951
3.5663
-1.878
0.59646
3.4897
1.3012
-5.1814
4.1692
-2.1053
-1.7881
3.2769
1.2711
-0.33814
-2.7389
0.13307
-4.5618
3.0642
1.774
-1.9171
1.4078
10.811
2.6697
3.1954
6.8306
3.1585
2.0291
2.2175
2.9576
5.2126
2.9025
5.5166
1.6718
4.4817
0.44052
4.5591
-1.5254
0.6368
0.48167
7.4111
-1.0382
-1.7209
2.7997
-1.6233
-1.1502
3.406
2.8487
6.0236
3.1418
6.3063
4.3988
6.8857
2.3873
-4.2543
0.058657
1.2448
2.5706
0.59737
3.5922
2.734
7.8393
-1.8312
2.0224
0.90963
5.8005
3.6141
4.4205
1.6656
4.7387
6.5739
-0.077095
-0.70742
2.2112
-0.0654
5.6927
1.1763
-1.3108
2.2436
-0.35725
-2.3907
3.1905
0.30714
3.1345
5.5115
1.8626
0.094817
2.9941
4.6466
3.2556
1.8784
1.7896
-1.044
1.5988
1.8776
3.8083
4.3468
2.6439
-0.42934
-2.1558
2.2726
1.3579
2.4526
-5.0663
3.8604
2.9319
1.7277
0.80923
3.784
2.6606
-0.14952
2.0352
-0.86501
-0.33503
6.5863
-3.605
-1.6629
9.9505
2.2848
3.1887
6.0726
-3.8234
7.2818
5.1807
-1.1404
1.1839
3.3106
-0.59736
0.079939
0.44217
1.5546
0.047407
3.799
2.2823
6.1437
-0.26448
4.9026
3.6169
3.9293
1.7264
1.7519
-2.0053
5.5198
1.4296
3.187
4.2341
1.2481
2.4961
0.69411
5.5125
-0.72754
5.9043
5.1241
6.4257
2.8601
6.3385
1.82
1.5246
0.72549
3.3642
0.75552
1.8243
1.2405
1.3604
-4.3813
1.2934
-3.1246
2.9668
4.2196
-0.092215
4.0751
3.2837
2.0372
7.2678
4.315
1.9066
4.1038
3.9495
7.053
-2.1694
4.1871
2.6113
-0.71241
-2.9753
-0.67277
1.7127
3.2255
4.0216
1.048
1.3063
4.0255
4.4938
5.6066
-3.6943
-1.6224
2.8584
5.1538
-0.68725
1.1298
0.63231
1.7981
0.64162
4.2725
-2.6506
8.0638
-2.0911
5.0263
5.4723
1.5003
2.5398
0.65344
4.3553
2.9615
2.6929
4.5793
1.7453
5.6045
1.93
4.0808
2.2301
3.5451
2.5434
3.7665
0.74119
5.5949
0.987
3.1031
-1.4074
6.1419
4.5383
1.1004
-0.65903
0.86683
3.146
3.2872
4.0254
0.34565
2.1249
1.4971
0.15228
4.5103
3.0805
0.98106
0.80341
1.9156
-0.085664
-0.68194
1.7893
0.81714
1.1253
3.342
7.2625
-0.44727
7.614
2.4037
-0.029304
3.9484
3.1765
0.37541
2.3797
-2.3008
-5.6833
2.9125
-1.2498
3.9044
3.8087
5.0546
3.9382
4.3143
1.1665
8.7223
2.8034
3.1988
5.9584
-1.1301
11.095
-1.6483
6.2809
6.0065
-0.0029141
-3.9145
-0.74157
2.4801
3.3943
2.9474
0.58762
1.825
7.3698
3.2886
1.3673
2.0564
4.871
1.0474
4.5102
-0.40927
-0.13278
-0.40207
-3.4488
6.2871
5.7179
-0.054714
3.5818
6.0641
-0.56555
-0.93485
0.7569
4.9288
2.8587
1.5198
5.3043
-1.2896
-1.1458
2.0565
3.1185
2.9413
-0.83227
0.77264
1.2367
2.5687
2.4566
2.6592
-0.23813
3.6861
5.1491
1.4036
0.96695
3.5145
-0.48094
7.2157
-0.36276
2.0671
-0.35023
0.65255
1.5321
5.067
0.76967
1.9036
1.5172
5.6001
-4.0317
3.6943
2.2334
-2.3737
2.0867
1.7799
1.9183
3.8496
2.0449
4.072
7.1572
4.0864
1.6374
-0.12332
7.5255
0.85475
5.147
4.566
4.0279
3.1697
0.29402
4.308
1.6552
2.0591
1.9027
0.64206
-1.5732
0.74443
5.7131
8.0128
1.8801
3.8994
3.2998
-2.9628
2.5646
-0.73554
-2.7748
-0.10355
7.0439
2.2737
-1.2232
4.1485
3.4751
1.0716
3.678
1.147
-1.8237
-1.7737
1.5902
-0.87507
0.42748
2.1591
2.4344
-2.6965
2.9396
1.7207
3.9326
4.566
-1.9503
3.9045
2.4728
5.9032
2.5652
-0.2163
-4.139
-1.0569
-1.6238
2.4641
-2.0401
-2.1968
2.4256
7.7181
-0.60298
-2.789
-4.9606
-0.65702
3.6235
1.4807
2.0652
4.0343
6.3927
-3.7829
0.70732
-0.1915
-0.039566
-5.7212
-1.9179
5.6035
4.0611
2.2734
4.1402
-2.1176
1.5321
0.88222
4.2481
6.4442
-0.62184
5.2563
2.1692
5.8375
4.9561
-0.79816
7.7452
-2.3175
2.6446
6.7457
-2.5149
0.99736
0.83851
2.4798
3.7498
1.1461
3.3157
8.5251
6.6634
7.1917
3.6414
-0.069795
3.1132
4.0373
5.1015
4.2736
0.19631
-1.8743
-2.0829
0.35662
3.5201
6.6429
1.7162
4.7702
-1.6753
6.0158
2.2309
5.7289
3.9113
0.06229
-0.92098
-4.924
1.6556
1.5524
0.81446
4.7438
1.9635
4.067
4.2828
2.813
-0.65719
3.722
0.72246
-2.35
4.9219
9.3383
-0.39661
2.0484
5.697
-4.3947
-3.772
1.2602
5.143
12.163
11.637
5.0497
3.9232
0.28322
-3.3472
1.7069
2.5348
2.2935
6.9712
2.3341
6.8053
4.3103
4.4229
-2.2154
4.3824
3.9709
-0.096889
3.1482
3.3617
3.6543
4.1683
5.5095
2.2419
3.6286
2.0322
4.9579
0.2083
5.1591
-1.6461
4.6532
1.5845
2.9257
0.97253
1.6195
2.9494
4.6041
4.6566
3.0559
5.7631
3.1223
5.6603
7.6926
-1.5368
-1.384
5.7477
1.5453
3.4315
6.695
0.08408
-0.91793
2.2713
2.5652
3.5686
3.5141
-2.2763
1.3898
1.2781
-5.0287
-1.9452
4.3159
-1.3019
2.7282
-3.2771
2.8841
4.6446
5.4255
0.69417
-0.94059
4.3528
1.8656
2.1725
5.6868
7.4788
-0.62539
0.532
2.2547
4.0136
6.0266
3.7031
0.71435
5.0071
3.7445
1.5139
3.7812
2.6052
7.4705
1.2475
5.801
5.559
0.40081
4.0409
4.6953
6.9119
-1.8898
-0.41858
2.4827
-5.0987
-2.5795
-3.425
4.0994
0.10924
11.006
4.4346
4.4442
1.5203
1.0619
4.4443
5.5399
6.3778
6.1258
5.2778
1.9256
1.9216
-0.63745
1.5967
3.1777
-2.1737
0.77484
0.7772
2.2812
1.0192
1.0307
-1.9264
-1.4763
-1.8835
2.9251
3.2971
-3.6191
-1.3705
0.89212
3.6296
2.6273
4.5816
-2.0581
0.031747
-2.0531
2.2688
-0.44413
4.2868
-3.0682
2.242
-4.4869
-0.72746
1.764
3.1944
2.9964
-3.2736
3.4177
4.3985
-0.39517
5.0482
0.31296
-0.54339
2.561
3.9705
3.3871
2.8933
3.7747
1.0685
4.059
3.8668
-2.6805
0.26277
4.8322
0.91528
0.1521
1.2293
4.7849
-1.7693
4.3426
4.3999
3.5297
0.04666
-1.3871
4.7314
3.2306
2.3665
2.5427
3.2236
3.0974
5.5913
3.9881
2.2624
4.9374
7.69
2.7565
4.9659
-1.2733
5.4474
0.2973
0.98916
4.0524
0.77848
-4.5388
-3.9556
-2.1555
3.6386
0.5057
1.0033
-1.2264
7.6347
1.2746
-0.41972
2.7754
-2.7154
0.4334
2.2969
8.2691
2.8962
2.9403
4.3358
5.1189
0.3937
3.0707
-3.0844
3.4238
-1.3966
1.5139
2.6183
-0.53675
5.8299
0.45346
0.10421
4.0345
5.9558
2.5323
-1.1579
5.1255
-0.26276
-4.0761
-0.98144
6.6252
8.1789
2.6468
2.2774
-3.3404
-3.3897
4.2499
1.2509
-0.34146
0.4333
0.58168
1.6278
-1.2786
2.6271
2.835
4.4758
0.49309
6.7666
1.0057
3.6105
0.6278
7.122
0.56979
4.7844
0.93078
4.8347
5.2735
1.5207
0.99802
0.31382
1.4276
0.70231
-3.6408
1.1859
2.8741
-0.25827
0.06793
0.17948
1.8802
-0.45531
-1.7347
6.6297
0.3278
3.6249
-1.5157
7.9291
2.0278
5.4948
4.3138
1.975
2.9443
0.1338
2.3391
4.5675
0.39346
0.29046
1.3855
4.2813
-0.95532
-1.1531
1.1273
1.2055
4.0704
5.2322
-1.1996
-3.7138
-2.7124
-1.5949
-1.8682
1.7374
0.76219
6.8152
4.2143
1.9218
-1.7163
2.471
3.039
3.3338
0.89715
-1.005
6.7039
0.35127
2.1303
4.0806
2.0791
-0.30263
6.9069
-6.3596
3.4112
6.5175
1.5983
1.6607
0.14751
9.2958
6.8668
1.8998
1.2375
-0.45587
6.6124
-2.8195
-0.59865
0.6849
-1.2688
-1.6623
4.1223
1.7904
0.54106
1.2301
1.679
-0.84661
1.3662
-0.58094
4.4262
3.4677
0.95843
2.9935
-0.55516
0.16805
0.13647
2.6211
2.1603
-4.0839
-0.94086
0.53602
1.3542
0.45966
3.9632
5.8876
5.0214
3.1608
5.2476
5.5479
3.6645
7.9867
1.2414
3.0441
0.63466
0.092878
-0.93957
-0.28448
-1.8506
1.0962
-0.1217
6.6711
3.5838
-3.8028
5.5061
0.39745
-2.7338
3.5935
5.6753
2.8751
3.2118
-0.39494
1.5515
1.7051
1.3069
4.1996
-0.31895
1.0331
0.65744
3.245
5.7773
7.3292
8.2748
-1.0137
-0.19338
7.8263
3.1261
0.34164
6.2035
-2.6612
0.60807
-0.81317
5.3568
7.8704
4.2257
6.4913
6.6905
4.0898
0.47449
4.7237
2.9902
-1.3599
0.32445
6.4875
-1.4576
2.9714
-0.28405
3.68
-0.95273
-1.7699
2.6652
-0.65832
5.9277
3.5634
0.97633
0.96032
-3.9947
1.9685
8.5515
2.9233
-1.0731
3.0042
4.1863
-1.9685
3.5804
6.2845
2.6845
1.0984
-1.0429
2.2104
-1.0327
1.0038
0.7505
1.8581
3.3965
0.73612
2.2089
-3.1414
5.007
-0.97415
1.1579
2.5096
4.6847
-0.40307
2.0805
0.23672
-1.2611
1.891
1.4883
1.8779
-1.0914
0.45658
2.9994
4.0836
1.1887
7.9703
-1.0492
-2.0219
6.9043
-0.78227
1.4327
-0.97442
-1.5204
-0.32041
1.5114
0.65678
4.6016
0.74449
5.8074
-0.46715
-2.6786
2.8847
5.9609
1.3017
5.7061
1.2696
0.10192
-1.7152
5.2122
-1.8874
1.0213
-0.3379
-0.31964
1.1489
2.43
2.7081
-0.53335
3.0224
3.545
1.5793
1.3183
-1.6276
2.931
6.9385
4.2474
1.655
3.7295
2.5553
3.7186
2.3698
2.0287
6.7695
2.3695
3.9153
4.3341
5.9809
1.5331
3.8854
2.1968
0.55113
1.6933
3.813
-0.24143
6.7498
7.6514
-0.18711
0.9593
3.3849
3.2086
6.155
1.7858
6.7827
-0.50501
2.241
2.9705
-0.90069
2.1776
1.2045
4.5731
3.6371
7.5613
4.9883
2.3087
