1.5885
0.93931
1.3077
0.066169
0.8082
0.34907
0.65839
0.87351
1.5333
0.18085
0.69127
1.363
0.95937
0.35354
0.78614
0.78064
0.90301
1.3016
1.1787
1.1202
0.79737
0.76165
0.93762
0.31475
1.0895
0.65661
1.1145
1.1685
1.0133
0.46451
0.78624
0.72631
1.2103
1.5111
0.66261
0.14164
1.5118
1.2931
2.1607
0.41997
0.85509
0.87072
0.30969
0.93505
0.7801
0.59841
1.593
0.82127
0.84835
0.39449
0.69793
1.4636
0.70671
1.3442
0.9585
0.794
0.36509
0.64573
0.4886
1.4392
0.80275
0.32548
1.4885
0.67439
1.5859
0.94265
0.58205
1.516
0.45912
0.67061
0.32788
0.68928
0.93831
0.6592
0.84548
1.5385
0.67118
0.22587
0.86113
0.71145
0.72465
1.2209
0.63468
1.3618
0.50582
1.2435
1.3331
0.56617
1.167
1.3474
0.68466
1.1761
1.1557
0.41193
0.9606
1.5026
1.2809
1.0066
0.36615
0.71499
1.1638
1.0129
0.3454
0.32368
0.89614
1.1461
0.76872
1.312
0.3888
1.2088
1.3354
1.9032
1.0639
0.76713
0.43925
0.46674
1.9269
0.99508
0.84234
0.87376
1.7824
0.6949
0.74035
1.0991
0.91153
1.4108
1.0977
0.52214
1.8286
1.1451
0.061143
0.89739
1.3707
0.34754
1.8605
1.4676
1.176
0.52428
0.32748
1.2242
0.62894
0.44714
0.22896
0.36649
0.96544
0.25517
0.90998
1.3479
1.0825
0.6197
0.26119
0.23248
0.71579
0.22908
0.952
1.787
1.1067
1.8558
0.38156
0.91546
1.5418
1.4078
1.1912
1.225
0.37665
0.51861
1.032
0.97728
0.72071
0.79074
1.0478
0.39626
1.1513
0.26142
0.97058
0.61739
1.1362
1.8913
0.24743
0.7921
0.63145
0.70594
0.53527
0.13731
0.56383
0.39236
0.090502
0.52454
1.387
1.0583
1.8836
0.60373
0.20523
0.56215
0.55272
1.3211
1.0171
0.74431
0.88128
0.42644
0.45169
1.0617
0.87913
0.62816
0.72029
1.4167
1.9844
1.4417
1.2245
0.89467
0.79143
0.098267
0.57636
0.14193
1.7099
0.6717
0.20106
1.1444
0.22785
0.32075
1.2793
0.55616
1.3205
1.5008
1.0761
1.0263
0.95859
1.1221
1.0764
0.57524
0.23863
1.5598
1.129
0.7192
0.43384
0.49569
0.7647
1.8212
0.63357
0.40461
1.6511
1.0097
1.1639
0.9154
1.0881
0.18434
1.4285
1.2353
0.33575
0.68941
0.95963
1.0162
0.66036
0.55721
0.55891
0.2067
1.755
0.92583
2.1699
0.59267
0.49731
0.75579
1.9389
2.2101
0.10532
1.2654
0.44089
1.0095
0.87966
1.4856
0.49684
0.88932
1.1017
1.013
0.85376
0.91713
0.59863
0.62685
2.2317
1.5932
0.88044
0.50162
0.44989
0.67811
1.0041
0.34547
1.1758
1.6481
0.56447
0.5153
0.32745
0.51526
0.23362
0.79001
0.20261
0.1485
0.80616
0.40987
0.32796
0.26693
0.88412
0.52492
0.25131
0.4581
0.26861
0.89738
0.42621
0.11088
0.99761
1.3295
0.44113
0.72982
0.19785
0.84565
1.1715
0.62312
0.29898
0.69481
1.0638
0.84398
0.94754
1.5741
0.7241
0.3591
0.76931
1.0981
0.32968
0.47988
0.50383
0.71592
0.76472
1.0977
0.77595
0.090574
0.85257
0.61536
0.8567
0.54068
1.2466
1.18
1.5246
0.58683
0.39469
0.48677
0.54523
1.5028
0.80762
0.40803
0.41238
0.98668
1.1409
1.4412
0.60754
0.76717
2.1842
0.93648
0.90719
0.49284
0.43166
0.72684
1.3969
0.72252
0.56563
0.92073
1.2478
1.1518
0.082702
0.8558
0.43479
0.71095
0.44843
0.21324
0.6559
0.68248
0.66037
1.6669
0.25258
0.32678
0.60336
1.0816
1.0337
1.6044
0.80885
0.70449
0.56445
3.0842
1.3317
0.87715
1.0082
0.22163
0.26498
0.20697
1.2559
1.3544
0.74769
0.72298
0.59888
1.0885
0.96529
1.0431
1.4311
1.5629
0.77444
1.0708
0.085316
0.56883
0.74729
0.57651
0.15401
0.92249
0.30167
0.32917
0.42432
1.7428
1.0118
1.1037
0.68075
1.412
0.99165
0.38115
1.1769
1.877
0.023477
0.70872
1.1873
0.90835
0.55476
0.76382
0.90816
0.71059
1.3074
0.46067
0.44677
0.84794
0.53007
0.95153
0.56626
1.3678
0.82168
0.63515
1.3712
1.6642
1.0428
0.89864
0.52682
1.4269
0.322
1.2299
0.9856
0.92788
0.16641
1.3159
0.35391
0.77172
1.0653
0.32486
0.78249
0.87765
0.46176
1.0096
0.17154
0.76672
0.51147
0.62087
1.2585
0.42518
0.38011
1.7837
0.69817
1.139
0.54045
0.84717
0.48241
0.80336
0.71762
1.2304
1.0053
1.1015
0.40077
0.16329
0.68718
0.3376
0.13886
0.65988
0.47394
0.95088
0.85385
1.6585
0.4685
1.0231
0.4042
0.0907
0.85147
1.0158
1.7064
0.29973
0.59127
0.90849
0.18003
0.56852
0.64836
0.81488
0.36219
1.6765
0.86711
1.0807
1.2792
1.3748
0.32215
1.6279
0.20616
0.59735
2.1029
2.3071
0.39831
0.87224
0.42222
1.2293
0.46446
1.1798
0.04158
0.25321
0.76855
0.30224
0.67332
0.49834
0.753
1.2851
0.31375
0.81478
0.032003
0.98724
1.2567
0.56106
1.0771
1.4631
0.34366
0.60543
0.24896
0.93502
0.45124
0.46595
1.0102
0.30021
1.1152
1.3423
0.88632
1.1897
2.5009
0.69683
0.64316
0.64421
0.62045
0.40219
1.8134
0.6201
0.74842
0.60889
0.33211
1.1494
1.6371
1.0769
0.48658
0.83455
0.90981
1.3347
1.1531
0.61642
0.45007
0.59061
0.7421
0.07717
0.87974
0.84055
1.1379
0.65036
0.94805
1.0973
0.70838
0.48398
0.17187
0.50693
0.71474
0.89475
1.369
1.2469
0.59681
0.21168
0.67334
0.33927
1.2374
0.61682
1.0747
1.9166
0.44514
0.9153
1.5564
0.25907
0.96934
0.7288
1.1949
0.65216
1.0018
0.8552
0.95503
1.0475
1.1482
0.51397
1.194
0.19873
0.28201
1.1374
1.2245
1.1738
1.1825
1.1954
0.92089
0.43732
0.69468
1.2808
0.46162
0.12029
1.3808
0.3987
1.1971
0.93531
1.0639
0.91358
1.0566
1.5208
0.63145
1.7345
1.2667
0.83359
1.1355
0.9319
0.71823
1.7358
0.3468
0.3909
1.5698
1.315
2.0767
0.7264
0.5878
0.52522
1.2417
0.18552
0.85139
1.6653
1.3128
1.0411
0.35677
1.7757
1.0171
0.66718
0.43461
1.7634
0.48444
1.7242
1.1027
1.1408
0.30087
0.70835
0.82989
0.55291
1.4792
0.35035
0.79732
2.2813
1.3472
1.1568
1.8021
0.61857
1.8891
0.83262
0.85588
1.1306
0.72581
1.1166
0.28886
2.2595
0.75615
0.9989
0.99528
1.9632
0.61242
0.76784
0.51702
0.48377
1.1833
1.269
1.0013
0.57367
1.441
0.91881
2.0281
1.6263
0.58486
0.46847
0.30675
0.30328
0.68027
1.4244
1.6669
0.50161
0.54608
0.68448
0.56209
1.2627
0.47898
0.16049
0.93121
1.1847
0.85657
0.63404
0.39966
0.23713
1.4318
0.60123
1.5889
1.5058
1.4251
0.81454
0.85456
0.89872
0.47479
0.79805
0.6342
0.85267
1.0491
1.1626
0.16325
1.1534
0.48559
0.83608
1.0663
0.69574
2.2309
1.663
0.28871
0.3139
0.42951
0.30047
0.62201
0.50223
0.60478
1.2709
0.89063
0.48696
2.5006
0.76665
0.91457
1.6853
0.90362
0.41814
0.69343
0.54677
0.25793
1.0597
0.54133
0.3687
0.91453
0.8068
0.65322
0.87013
1.3025
1.2195
0.94172
2.0446
0.53553
1.6669
0.91655
0.7817
0.70289
0.91081
1.5851
1.122
1.6168
0.56102
1.0297
0.65376
0.85458
0.98019
1.0574
1.5075
0.99656
0.98709
0.85453
0.47816
0.60749
0.40344
0.81785
0.39575
0.87451
1.1526
0.68033
0.75825
0.78361
0.966
0.93081
1.4096
1.1092
2.2174
0.26395
0.70393
0.33832
0.93034
0.95699
0.76858
0.71908
0.82503
0.72964
1.4208
0.52186
0.655
1.0231
1.0784
1.1374
1.3785
1.0467
0.42741
1.2059
1.6341
0.8389
1.45
0.95381
1.5474
0.57249
1.0353
0.75407
0.65105
0.65341
0.5962
1.0956
1.5683
0.67572
1.1501
0.33432
1.0968
0.57913
1.0524
1.0041
0.72364
0.31562
1.1532
0.22688
0.55029
2.3264
0.40206
0.60251
0.75861
1.0419
1.0489
1.5999
0.88331
0.64791
0.74746
0.95448
0.25986
1.01
0.23174
1.8715
0.90471
0.59637
0.59364
0.82038
0.70045
0.54087
0.47048
1.0433
0.75666
0.3954
0.72737
0.82268
0.39811
0.61652
1.497
0.83021
1.9886
0.90281
0.31212
1.7631
0.23742
1.3087
0.99725
1.2584
1.5322
0.91521
1.1321
1.5146
0.83385
1.1963
1.0252
0.7635
0.77547
0.92977
0.97633
0.98277
1.1271
1.3097
1.4357
2.0383
0.53252
0.82661
0.57059
0.52248
1.146
1.2813
1.6573
0.92455
0.59465
0.15146
0.77134
1.7686
0.73555
1.1308
0.78239
0.90192
1.4642
0.98374
0.51778
0.29182
0.60594
0.17267
1.4388
0.66054
0.97453
0.75871
1.2719
0.96519
1.0383
1.0156
0.99301
1.4696
0.8311
0.44969
1.0337
0.83431
1.4618
0.74329
0.81406
1.0173
0.38332
1.033
0.88506
1.198
0.50976
1.1388
0.80272
0.79547
0.36794
0.25381
1.7383
0.14623
0.67702
1.6194
1.2458
1.0109
0.92289
0.52619
0.29667
0.68004
0.21235
0.52998
0.8014
0.40297
0.45089
1.4227
0.52296
0.69463
0.96031
0.41574
1.806
1.5301
0.23085
0.96245
0.79412
0.31831
1.0386
0.64002
0.56421
1.225
0.76679
0.8871
0.70275
0.78027
0.81061
1.1187
0.3591
0.25605
0.46412
0.17721
0.80363
1.477
0.65607
1.2869
0.39293
0.24258
1.5062
1.1027
0.47366
0.90393
0.84156
1.8769
0.74665
0.74687
0.54665
1.6028
0.4892
1.2816
0.79569
0.2809
0.1185
0.15817
1.09
0.53183
1.2562
0.38629
0.64714
1.5102
0.73751
0.19286
0.41057
0.53249
0.59357
1.1832
1.7945
0.8786
1.4637
1.35
0.93171
0.63741
0.16496
1.1288
0.79514
0.268
1.3386
0.48649
1.5078
0.35175
0.806
0.16191
0.52875
0.57004
2.4396
1.2577
1.16
1.5894
0.55447
0.44184
1.0339
1.4121
0.63768
0.43104
0.62856
1.4036
0.98523
0.62295
0.81351
0.14896
1.148
0.37791
0.99205
1.4108
1.5788
0.55018
0.99432
0.98297
1.094
1.1056
1.1609
0.87693
0.11055
0.97689
0.24175
1.3378
0.27921
0.53096
0.39343
0.71194
1.4938
0.8868
0.65096
1.6898
1.9623
1.1129
0.26642
0.81578
0.36495
0.9862
0.35031
0.79115
0.33707
1.5084
1.2454
0.5953
1.0089
2.564
0.97791
1.0672
0.96595
1.3069
1.2504
0.72204
0.72117
1.3257
0.26334
1.6966
1.2652
0.82267
0.52485
1.387
0.26724
0.92891
1.6952
0.62788
1.1286
0.49835
0.19459
0.61124
0.83445
1.5206
1.1161
0.7872
2.1167
1.1238
0.72688
1.3266
1.3309
0.62534
0.75022
0.77124
0.18194
0.68157
1.0608
0.80745
0.38092
0.076871
0.41971
1.0282
0.53709
0.25
0.63509
0.85526
1.1186
0.72037
1.0438
0.2032
0.90348
0.19684
0.6253
0.58994
0.20791
0.24901
0.42639
1.3648
0.43106
0.87611
1.0993
0.80473
0.42938
0.786
1.1609
1.019
1.2954
1.0237
1.2893
0.42367
0.97812
2.1579
1.0837
0.42218
1.1261
0.49673
0.795
1.368
0.80242
1.1231
0.57936
0.55562
0.89405
1.3051
1.4137
1.1398
0.67314
0.46415
0.63534
1.1179
1.396
1.1845
0.60689
1.6231
0.83416
0.11875
0.31612
0.74366
0.51565
0.54037
0.6028
0.62419
1.1245
0.73587
0.69272
0.45332
2.0337
1.241
0.11048
0.44911
0.6773
0.61847
0.46144
1.1288
0.63876
1.8787
0.77981
0.79801
0.36828
1.2936
0.26646
0.1547
1.0512
0.68707
0.80027
0.88234
1.0127
1.0468
1.5769
0.96983
1.1958
0.84911
0.59711
1.4092
0.43657
0.26928
0.43343
0.85071
0.64488
0.88565
0.93336
1.8365
0.27562
1.7714
0.86152
0.976
0.79199
0.042818
0.32034
2.0533
0.4978
0.8503
0.97007
0.44124
0.36633
0.040563
1.2773
0.37323
1.086
0.94265
0.45047
0.99949
0.92348
1.5474
0.63578
0.55939
1.096
1.0415
0.5557
0.12104
0.59869
1.552
0.86802
0.67347
0.8024
1.3988
1.1354
0.11393
0.47897
0.26266
1.0269
1.2509
0.62058
1.0171
0.90812
0.30928
0.42663
0.96854
0.55612
1.1116
1.1093
1.1021
1.9223
0.2928
0.61387
1.2047
0.83574
0.48475
0.98335
1.2331
0.56992
0.50763
0.60524
0.69178
0.52097
0.81881
1.0538
2.5714
0.7373
1.3271
1.2788
1.3766
0.82605
2.013
0.86744
1.7543
0.90324
1.3456
0.74729
0.44777
1.5688
1.2072
1.1842
1.0219
0.94543
1.4729
0.94785
0.62583
0.78141
1.0147
0.64273
0.62255
1.4242
0.90656
0.25468
0.74948
0.74081
0.51807
1.1826
0.60456
1.1051
0.74893
0.67412
0.95868
1.1793
0.25856
0.89496
0.79468
0.67408
0.63505
0.90732
1.3246
0.60393
0.27936
0.9963
0.66946
0.3419
0.85315
0.67994
0.87503
1.4882
1.4763
1.4922
0.89891
0.25121
0.67528
0.27005
1.6633
1.0868
0.22703
2.1376
1.336
0.52979
0.4263
0.70789
0.81113
0.24257
0.54724
0.59593
0.54291
0.36725
0.19115
0.13509
0.29132
1.1228
1.6842
0.44412
1.3105
1.8315
0.50955
0.78435
1.0507
0.74014
0.39652
0.66527
0.93126
0.77801
1.3047
1.2012
1.2581
1.1612
0.24306
0.66621
0.43296
0.972
1.3347
0.54859
0.36885
1.0169
1.312
0.059857
0.20428
1.3631
0.27151
0.92556
1.2248
1.4115
1.1603
0.77971
1.5807
0.7169
1.8799
0.8875
1.0493
0.24078
1.0926
0.92093
0.64339
0.9822
1.412
1.5287
1.0895
0.44014
0.68294
1.2571
0.14147
0.90887
0.42437
0.78594
1.9193
2.2332
0.4906
0.89684
1.1146
0.38358
0.64903
1.1209
0.6627
1.1547
1.3207
0.99899
0.78788
0.27648
0.53745
1.3829
2.4181
1.4365
0.29451
0.63033
1.4742
0.20146
1.4579
0.84168
1.009
0.86892
1.6834
1.0529
1.1532
1.1844
0.23182
1.8516
0.31393
0.99916
0.64162
0.21791
1.5372
0.61472
0.9411
1.4803
0.84238
0.8793
0.36219
0.64432
1.1315
0.64793
0.66171
0.32932
0.35381
1.0455
0.92248
0.46738
0.28289
0.3782
0.83297
0.73282
0.27969
1.3398
0.99123
1.1616
0.43099
1.63
1.1266
0.76727
0.69261
0.94452
1.1632
0.93556
0.98091
1.5297
1.4249
0.70318
0.64908
0.41614
0.83277
1.0864
1.3317
1.738
1.2198
1.0012
0.75227
0.75008
0.50003
0.7261
1.4837
0.66725
1.622
1.0028
1.1168
0.54696
1.6442
0.52742
1.1934
1.2107
2.1033
1.4217
1.2504
1.2413
0.31455
1.1318
1.5271
0.49482
0.63576
0.69995
1.0333
0.60875
1.206
1.0852
1.0145
1.2366
0.62424
0.55363
2.1455
1.0164
1.1947
0.27413
0.52011
0.98448
0.61396
0.59857
0.72592
0.19668
0.49673
0.78683
1.5372
0.34789
1.1648
0.87689
1.0518
0.52791
0.4686
0.46825
0.36285
1.5609
0.63529
0.82965
1.045
0.72806
1.0219
1.2555
1.1571
1.5219
1.3772
1.066
0.72126
1.3684
1.6645
2.2036
0.50581
0.61859
1.4547
0.57406
1.3495
1.4557
0.61965
1.39
1.6883
1.4152
2.0529
1.2905
1.627
1.8094
1.0854
0.81373
0.96574
0.069398
0.90658
1.3739
0.50096
0.54728
1.5603
0.8684
1.1082
0.94832
0.91838
0.37123
0.58853
2.061
1.925
1.1999
0.71674
0.27689
1.0466
0.90228
1.5203
0.57902
0.57117
0.49528
0.24434
1.7452
0.47192
0.87286
1.1296
1.7628
0.4887
0.32609
0.50399
0.42118
1.0324
1.2863
0.98575
1.1667
1.96
1.1075
1.1939
1.2636
1.0271
0.78834
1.4439
1.2831
0.84627
0.94811
0.55497
1.0974
0.46289
0.30049
0.51743
1.0469
0.57395
1.8421
0.6965
1.4791
1.7274
1.7019
1.9082
0.21351
0.80246
0.52856
0.7266
0.55008
1.0683
0.40586
0.8402
1.4711
0.45598
0.63657
0.98128
0.5746
0.93315
1.6981
0.73222
1.099
0.94481
0.73095
1.0739
1.3838
0.092232
1.4934
1.0468
1.8087
0.2842
0.99287
0.1044
0.7809
0.75757
1.293
1.2389
0.85028
1.2314
0.25536
1.132
0.21916
0.45238
1.0252
1.9583
1.0372
0.97779
1.5401
0.17672
1.2886
1.3432
0.82413
0.82268
1.7224
1.0012
0.73245
0.072548
0.9122
0.602
2.0263
1.3713
0.32538
1.7524
1.8786
0.74455
1.0381
1.2318
0.3177
0.61736
0.99489
0.95577
1.2589
1.1986
0.35056
0.28641
0.49634
1.1913
0.73386
1.265
1.4363
0.61192
0.30578
0.53519
0.44149
1.2211
0.97467
0.93307
0.25762
1.4995
0.79527
0.69001
1.1277
1.2731
0.94633
1.0072
1.3494
0.33553
0.90548
0.63247
1.2484
0.86752
1.7313
0.83745
1.1447
0.61607
0.53885
0.9682
0.76283
0.55825
0.70117
0.73662
1.6281
0.99138
1.8422
0.94924
0.647
0.74362
0.156
0.90403
0.50124
0.75038
1.9643
0.81786
0.94741
1.2308
1.2115
0.9079
0.28896
1.0689
1.1214
1.0056
0.83337
0.45429
1.2037
1.9506
1.0956
1.1002
0.43732
1.4115
0.45286
0.38673
0.76974
1.9971
0.82318
0.58084
0.59991
0.33565
0.5958
0.25448
2.1259
0.44583
1.8367
0.81323
0.65244
0.53122
1.1283
0.71116
0.34337
0.66426
0.49063
0.84322
0.95272
0.36159
0.58741
0.43654
2.1308
1.5323
0.7811
0.39399
1.1535
0.50417
0.67048
0.56701
0.33365
0.51379
1.2553
1.7719
1.3688
0.57519
1.432
1.229
0.88917
0.87473
1.5525
0.82449
1.6032
1.3389
0.5392
1.0464
1.0896
0.44701
0.13459
0.17754
0.742
1.2061
1.1094
0.62839
0.74537
1.2692
0.20664
1.0441
1.3782
1.0553
1.4763
0.5088
0.48217
0.7298
1.5924
1.2828
0.50435
1.0199
0.41905
1.418
0.59944
1.288
0.96141
1.0401
0.28365
0.41983
0.68029
0.38008
1.2374
1.6538
0.62338
0.79074
0.81181
1.1678
0.399
0.44108
2.0249
0.86316
0.2398
0.88291
0.40318
0.79023
0.9135
1.9266
0.82732
0.36309
0.31022
1.1201
1.4211
2.9881
1.0704
0.79666
0.43281
0.6286
0.30167
0.5287
1.3344
0.19144
1.027
0.71648
0.55929
0.37192
1.0481
0.87746
1.3381
0.87335
0.88569
1.4343
0.66813
0.33056
0.92194
1.3184
1.105
1.6836
1.6765
1.9038
0.77265
0.75788
1.0903
0.53074
0.63153
0.24909
0.85046
0.81093
0.48655
0.74838
0.51568
0.28845
1.2487
0.70526
0.87416
0.69525
1.2626
0.62386
2.014
1.2184
0.29902
0.51323
0.79287
1.6379
1.2695
2.1027
0.18439
0.42858
0.89944
0.097724
0.47991
0.84628
1.4268
1.245
0.43011
1.0619
0.55025
1.354
0.55919
1.7101
0.57994
1.4512
0.12682
0.72277
1.145
0.91614
0.26837
0.8231
1.6575
0.64565
0.89462
1.3843
0.50458
0.7953
1.5594
0.3238
0.37602
1.6962
0.66798
0.34258
1.0278
0.6367
0.88806
0.89748
2.0181
0.38623
0.25337
0.85821
0.74994
0.085032
0.95184
1.2308
0.37855
0.61031
1.3279
2.1698
1.3332
1.2562
0.32181
0.58626
1.4232
0.92476
0.6429
1.064
0.71771
1.248
1.2895
1.2525
0.5812
1.1728
1.1442
0.85458
1.2293
1.0181
0.6707
0.53667
0.84168
0.69445
1.0682
1.0935
1.3976
0.41134
1.1155
0.30918
1.476
0.69856
1.1221
0.82281
0.7863
1.7186
0.90974
1.2328
0.29187
0.60742
1.4679
1.0113
1.0881
1.0938
0.75976
0.47753
0.86898
0.48399
0.93297
0.54931
1.0142
0.22689
0.53618
1.9833
0.52992
0.30386
1.0277
1.6251
0.39566
1.5365
0.77371
0.29708
0.80627
1.7196
0.90494
0.60773
1.1584
0.33154
0.88156
1.2087
1.2767
0.40358
0.54675
0.642
1.4947
0.42299
0.88749
0.6556
0.31695
1.4835
0.71026
2.0277
1.5474
0.31477
0.776
0.66313
1.2019
0.69073
1.5933
0.66132
1.3174
0.69266
0.17357
0.63378
1.0503
0.88382
1.9212
0.80497
0.10424
0.56907
0.96123
0.72553
0.74603
0.82336
1.3883
1.1111
0.83118
1.3974
0.94892
0.72276
0.45988
0.86819
0.62797
0.5274
1.3051
0.69182
0.51133
0.93001
0.90735
0.84607
1.2364
0.42758
0.8307
1.5085
1.0048
0.44438
1.448
0.65709
0.55288
0.58443
1.5002
0.20561
0.92669
0.76133
1.5215
0.85293
1.3687
1.0845
1.4259
1.0337
0.64101
0.81318
0.47678
0.74203
1.6447
1.18
0.30946
0.34218
0.10122
1.0621
0.11251
0.69856
0.6539
0.71315
0.47529
0.70254
0.98736
1.321
1.6777
1.3717
0.9791
2.0824
0.18772
1.0701
0.2131
1.882
0.96092
1.1317
1.0082
0.49788
0.89899
1.6909
1.7426
0.79583
0.51534
0.69766
0.2645
0.49643
0.53025
1.0584
0.8063
0.66152
0.8191
0.64214
1.21
0.13261
1.5666
0.94079
0.12176
0.85034
0.70088
2.119
0.51308
0.54681
1.2354
0.96073
1.1564
1.5946
1.2303
0.85067
0.81426
0.41897
0.94018
0.95439
0.22016
1.0456
1.4184
0.60267
0.2835
0.84759
0.82573
2.3186
1.2918
0.49892
0.7021
0.4823
0.42054
0.61229
1.5837
0.46422
1.4157
0.74985
0.74426
2.0319
0.2596
0.69749
0.63451
0.92913
0.59391
0.86807
0.94568
0.10691
0.85035
1.464
0.39122
1.0359
1.0728
0.98697
0.37336
0.7951
1.919
1.1802
0.56869
0.91567
1.1582
1.2899
1.2408
0.8387
1.8469
0.99357
1.0153
1.1367
1.1534
0.54316
1.4239
0.46829
1.0906
1.0346
0.64538
1.8014
0.50851
0.60905
0.27484
1.6674
0.61216
0.56624
0.40818
0.76873
0.41413
1.7371
0.52537
0.62575
0.36631
1.0516
0.81044
0.88869
1.3106
0.40692
1.7521
0.80438
1.2075
0.31895
0.78349
1.5218
0.39271
1.7756
1.397
1.2351
0.50172
1.0141
1.9173
0.42636
1.0064
0.48739
0.35808
0.62515
0.7788
0.32649
1.5191
1.5484
1.8369
1.0614
1.3399
0.043855
0.93718
0.53096
0.6052
0.51042
0.30303
1.0812
1.2594
1.6183
0.72965
0.78204
0.66327
0.71705
0.89357
1.3479
0.51767
0.12977
1.3942
0.43486
0.35573
1.6288
0.85932
0.55026
0.55642
0.4506
0.79267
0.76048
1.0295
0.77231
1.9643
0.5527
0.42609
0.42278
1.846
0.30319
1.5345
0.40181
0.80604
2.0279
1.4306
0.72268
0.57099
1.8155
1.3177
1.2079
0.57918
0.51049
0.72711
0.36863
0.88864
0.12729
1.1607
0.60835
0.71852
1.1293
1.1295
0.61655
0.45732
1.6043
0.99797
0.46409
0.20631
0.079277
0.92429
0.91469
1.0409
0.8878
0.51127
0.52925
0.087379
1.2626
0.98981
0.58683
1.3457
1.0617
0.46037
1.2324
1.0553
0.87875
1.0214
1.6155
0.82633
1.1375
0.75251
1.8956
0.69873
0.92679
0.66185
1.088
1.1114
0.91803
0.77288
1.4491
1.4272
1.2145
1.4952
1.541
1.2916
0.61688
0.78323
0.80698
0.24484
0.67097
0.5749
0.92573
1.1802
0.2572
0.46956
0.52181
1.6687
0.31304
0.64974
0.2312
0.7788
1.0892
1.5571
0.92944
1.0005
0.39944
0.12731
1.7092
1.0147
0.030551
0.93778
0.98279
1.5026
0.72684
1.3863
0.98825
0.25644
0.59678
1.1895
0.54612
1.0578
0.99718
0.84123
1.2674
1.1164
1.1086
0.91888
0.85902
0.26553
0.42291
1.1126
0.20695
0.56946
0.38111
0.8048
1.7152
0.202
0.63023
1.6511
0.14521
1.1051
0.22669
1.3236
2.6473
0.35999
0.40235
1.0438
1.523
0.68193
0.95669
0.27325
0.35657
0.69247
0.33484
1.2511
1.1635
2.3432
1.5501
0.71959
1.0983
0.50431
0.66525
1.3105
1.123
1.4129
0.75736
1.3915
0.39424
1.869
0.40266
1.2073
0.53021
1.6957
0.58806
1.3008
0.073567
0.81258
0.78716
1.1418
0.98599
0.81801
0.81411
0.87023
1.3674
1.2396
0.66199
0.70756
1.3046
0.37672
0.7995
0.1606
1.1196
0.22861
0.70585
0.50297
1.6604
0.72503
0.32501
0.82083
0.79344
0.47426
0.65036
0.87744
0.76461
0.54499
0.81542
1.4539
1.1474
0.27949
0.72709
0.78589
0.25454
1.1679
0.30369
0.76484
0.55035
0.6159
1.4029
0.16392
0.92561
1.6044
1.4921
0.16778
0.74933
0.85208
0.66221
1.2338
0.60331
1.1847
0.67551
0.20169
0.56535
0.17553
0.52118
0.8026
0.89759
0.66996
1.0865
0.90181
0.63841
0.44235
1.0689
0.64808
0.82607
1.3597
1.0896
1.5009
0.37222
0.62226
0.43601
0.23546
0.67903
0.81651
0.76616
0.11247
0.68335
0.40019
0.8443
1.9784
1.188
0.77311
1.5123
0.86365
1.3212
1.0596
1.4845
0.92091
0.57438
0.51426
0.27496
0.52769
1.0493
0.35665
0.802
1.1486
1.3351
1.7609
1.3294
0.27771
1.4899
0.42584
1.373
0.3945
0.71639
1.2731
0.47564
0.48891
1.5322
1.328
0.71144
1.06
1.1487
0.48642
0.69535
0.61335
0.60029
0.26533
1.4556
0.70669
0.84476
0.79715
1.2271
0.53862
1.1637
1.2704
0.37083
1.8987
1.8207
0.9086
1.6501
0.14432
0.68102
0.64892
1.0559
0.8622
2.0298
1.2686
0.39061
1.6417
1.0811
0.43636
0.70088
0.29878
0.35096
1.1854
0.20663
0.89074
0.34374
0.87524
0.73196
2.1095
0.5629
0.93742
1.46
0.71909
2.3158
0.24991
0.60747
1.1414
0.53171
0.64656
1.1224
0.79015
1.6763
0.62406
0.28329
0.87304
0.99874
0.29363
2.1117
0.27091
0.60508
0.44378
0.39174
1.4839
0.59123
0.77124
0.80791
1.0767
1.3505
1.0678
0.63157
0.80396
0.70563
0.52347
1.3449
0.83934
0.51796
1.096
0.41917
0.62125
1.0551
0.78702
0.42066
1.1894
1.9845
0.706
0.7864
1.2189
0.28887
0.25719
0.84626
0.60006
0.81272
1.12
2.1591
1.108
0.63698
1.3652
1.2203
0.3613
0.70804
0.66007
1.6343
1.2332
0.49847
0.68081
1.628
0.64787
0.80906
0.23216
1.9673
0.56256
0.95917
0.61242
1.6174
0.52632
1.7267
0.66523
0.83162
0.79669
0.55088
1.1369
1.1981
0.52394
0.2018
1.3396
0.98554
1.5281
0.26015
0.46851
0.56074
0.47935
0.74557
1.0084
1.3507
0.3473
0.32116
0.52565
1.0083
0.83709
0.64615
1.1142
1.3945
1.085
1.0282
1.4034
1.2375
0.76636
1.724
0.93479
0.58332
0.35869
0.713
0.87509
0.45172
1.0643
0.9885
1.4073
0.65213
1.9156
1.2057
0.14645
0.24221
0.13827
1.6443
1.2781
0.92705
0.78843
0.87717
0.68451
0.82948
0.48319
0.5848
0.75044
1.3605
0.68486
0.2776
0.13018
0.5693
1.2937
0.38816
1.4309
0.54445
1.7433
0.65669
1.6796
0.28921
1.3274
1.5588
1.0904
0.63095
1.2599
0.15973
1.7972
0.84244
0.66696
0.9507
1.6921
0.67934
1.2406
0.68007
0.96436
0.47752
0.35907
0.49836
0.59425
0.93054
0.66354
1.596
0.98266
0.90898
0.94819
1.1382
1.2099
0.55132
0.35849
0.50807
1.8245
0.76813
0.72851
1.1839
0.95934
0.46336
1.0945
0.84504
0.4968
0.89362
0.42712
0.62495
1.564
0.13953
0.75393
1.2537
1.5322
1.665
1.9126
1.047
0.7652
0.40903
0.68352
0.71488
1.248
1.1708
0.65403
1.0545
0.80489
1.4428
0.89024
0.086207
0.95824
1.6679
1.108
0.77053
0.54857
1.0698
0.83994
0.68129
0.53244
0.60452
1.4102
0.3125
0.98516
0.79724
0.10701
0.20661
0.44869
0.92643
0.44824
0.90045
0.98331
0.58855
1.1965
1.3186
1.1979
1.1226
1.7896
0.77153
0.24335
0.48833
1.1921
0.60203
2.0452
0.51308
1.0502
1.064
0.51702
0.9781
1.233
0.75756
1.2293
1.3477
0.9577
1.9729
0.92722
2.3921
1.7619
1.2905
1.266
0.71431
1.2092
0.75379
0.77232
1.0415
0.10064
1.3813
0.40125
0.48918
0.80355
1.9929
1.1549
0.037567
0.58458
1.234
0.66616
1.4531
0.76535
0.48816
0.93844
1.5751
0.72976
0.66891
1.4416
0.38043
0.84728
1.1346
1.08
0.63688
0.83244
0.9009
1.0593
0.75452
2.0457
0.76987
0.25754
0.85457
1.0551
0.46829
1.3934
1.5947
0.89931
0.87443
0.55281
0.59837
0.79314
1.2563
1.3608
0.95431
0.90912
0.15891
0.27582
1.0851
0.38448
0.76119
0.78007
0.4143
0.48815
0.78926
2.5106
0.99692
0.91095
0.67599
1.3852
0.75517
0.95317
1.7085
1.4125
0.96969
0.88423
1.0502
0.39234
0.70638
1.2743
1.3933
0.51456
0.65315
1.0354
1.6946
0.93094
0.88014
0.79028
0.43386
0.040389
0.98045
1.2885
0.087394
0.62109
0.25946
0.67224
0.65786
0.98017
1.8921
0.72281
0.5594
0.65268
1.6677
1.3701
0.52931
0.83757
0.97783
1.1152
1.2962
0.23259
0.95977
1.4043
0.78336
1.868
0.77502
0.96169
0.52268
1.3473
0.87125
0.72213
1.5688
0.83599
0.50244
1.4182
0.59699
0.43064
0.81682
2.31
1.0153
0.16537
1.3905
0.50517
1.0094
1.1258
0.78096
0.94782
0.28819
1.015
1.4781
1.1688
1.3638
0.45485
0.68015
0.64534
0.63976
0.7764
1.1189
1.5264
0.42996
1.0748
0.71614
0.87043
0.64671
1.159
1.1211
0.60789
0.16395
1.1242
0.39728
0.32231
0.42075
0.53352
1.1621
0.23304
0.40731
0.41416
0.50211
0.86433
0.40143
0.27101
1.9286
0.5621
0.87343
0.72499
0.12499
0.40749
0.15355
1.0318
1.1324
1.0727
1.0436
0.77543
1.1201
0.29647
0.63203
0.49137
1.3032
1.3999
1.6991
0.6933
0.72645
0.99032
1.9465
1.3555
0.82443
0.48919
0.52131
0.26064
0.47873
0.8883
1.0325
1.4207
0.76001
1.2538
1.4619
0.51421
0.8846
0.56606
1.4958
0.90716
0.76452
0.39493
0.30363
1.0228
0.99393
1.5101
0.64743
1.2327
0.37865
0.96588
0.88877
1.3058
1.6421
0.49259
0.46991
0.877
0.39959
0.68481
1.3085
1.872
1.429
1.0739
0.55912
0.50745
1.3808
0.47792
1.3415
0.57666
1.595
0.96527
0.45116
0.79682
0.23255
1.0723
0.7402
1.2882
0.96738
0.035277
1.0335
0.30965
0.60001
1.8746
0.85517
0.62468
0.95399
1.3676
0.76009
0.22804
0.20385
0.10055
0.42321
0.65156
0.37445
0.38268
0.52145
1.3417
1.5913
0.8219
1.541
0.90877
1.0793
0.98479
0.066463
0.37396
0.2313
1.1701
1.7396
0.42909
0.61067
0.71936
1.2403
0.79068
1.6991
0.91735
1.2872
1.0561
0.25371
0.40697
1.1657
0.9874
0.55669
0.49559
2.1103
1.2274
1.6438
0.59045
0.36396
1.1323
0.60581
1.4047
0.99068
0.42341
0.6023
0.60331
0.39821
1.1055
0.65521
1.0993
0.23856
0.49744
0.43858
0.55342
0.48071
0.95052
1.4267
1.3548
0.45006
1.8677
0.78027
0.44068
0.23018
0.88088
1.6329
0.80581
1.2769
1.0992
0.15679
1.3416
0.50186
1.0367
0.8639
1.5166
1.6764
0.38578
1.6269
0.35307
0.9653
0.90602
1.0236
1.8523
0.56639
1.0198
0.66681
0.50922
0.62447
0.84959
0.45618
1.6053
1.8878
0.91425
1.3934
0.46168
2.519
1.5301
0.92926
1.2032
0.21138
0.99511
0.84301
1.1483
0.7424
0.8086
0.14614
0.64373
0.40859
1.5621
0.92773
1.7845
0.71224
0.55922
0.6179
1.6722
0.62515
1.0866
1.027
0.56526
1.4947
1.1732
0.90742
0.72967
1.0867
0.91177
1.0817
0.29627
0.64646
1.3161
0.66208
1.8287
0.4951
2.5135
0.97764
0.62992
1.7977
0.91267
1.3216
0.73431
1.2866
0.9788
0.35406
2.5094
0.62078
1.1243
0.44355
1.1063
0.97023
0.22396
0.42429
0.34101
0.26418
1.4301
1.027
0.58088
0.68539
0.42659
1.2296
1.0684
1.2316
1.8906
0.62077
1.1186
1.8656
1.1212
1.476
1.6237
0.73687
2.1245
0.41255
1.6484
0.85175
1.3482
0.9289
0.38376
0.64882
0.19557
0.96278
0.94176
0.4994
0.32107
0.63364
1.3281
1.0678
1.1423
1.2109
0.59424
1.083
0.16272
0.3847
0.69167
0.35842
1.0865
0.68417
0.67508
1.0954
0.73461
1.4929
0.47448
0.36521
0.65907
1.7027
0.25181
1.6876
1.1789
0.99021
0.9397
1.3419
0.24449
1.4337
0.52964
0.66787
1.0873
1.4685
0.21324
0.43978
1.3721
0.96655
0.8778
0.55141
0.3644
0.16281
0.56845
0.688
0.41457
0.98628
0.32684
0.48713
0.30924
0.9296
1.6282
0.31151
0.69987
0.53594
0.73759
0.074112
1.3404
0.58664
1.3385
1.5919
0.67497
0.77146
0.50835
1.7037
1.7508
0.73513
0.52167
1.2985
0.78974
0.74542
0.70896
1.7887
1.1441
1.3117
0.79948
0.55478
0.29319
1.8673
0.43968
0.40693
0.86937
0.99669
1.6068
1.3312
0.63052
0.72623
0.63544
0.89327
0.48297
0.8864
0.33396
1.6197
0.67338
0.46089
1.0658
0.78961
0.37918
0.7918
0.48079
0.73078
0.35514
0.9021
1.5406
0.27039
0.93322
0.8007
0.60803
1.7049
1.0381
0.48187
2.2426
1.7073
1.1377
1.0142
0.4971
1.2911
0.9488
0.60444
0.43238
0.7777
0.30289
0.29319
0.6931
0.30626
0.33497
1.0312
0.060176
0.34093
1.0055
0.49473
1.0553
1.3614
0.54937
0.6777
0.71483
1.1936
1.1246
0.47405
0.72995
1.0946
1.1032
1.221
0.82603
0.75556
1.6356
1.3448
0.81996
0.78316
0.82053
1.4507
1.3636
0.94535
0.6048
0.49747
0.6723
0.73595
0.15997
0.79722
1.1151
1.2762
1.2391
0.90901
0.75332
0.29697
1.0732
1.1266
0.69269
1.2297
1.3267
2.0272
0.81302
2.4547
0.76615
0.76646
1.6147
0.96127
0.50844
0.74678
0.95323
0.80471
0.96709
1.644
0.50036
0.51844
0.75147
0.69786
0.7277
0.69533
1.195
0.4841
0.59046
0.55134
1.4062
2.2814
0.55055
0.45799
0.75592
1.6994
1.0629
0.26209
0.3991
0.61299
1.3373
0.62141
1.591
0.76028
0.88239
0.63864
0.91348
1.8664
0.90306
0.87252
2.1372
0.72224
1.0948
0.43731
0.29636
1.1486
1.1033
1.543
0.56607
0.57623
0.69039
0.98887
0.67895
0.81189
0.6561
0.37124
1.0515
0.76434
1.8852
1.2289
0.49125
1.1112
1.6916
0.59854
0.67
0.65902
0.35338
1.3444
0.63676
0.97939
0.60531
1.0909
0.65677
1.0114
0.30193
0.97199
0.62336
0.53304
1.2698
0.62301
0.48421
0.56561
1.3198
1.507
0.44883
0.14179
0.53427
0.30756
0.70479
0.88219
1.7553
0.71511
0.49663
0.44814
1.2248
0.55744
0.62391
0.16822
0.94218
1.7238
1.0744
1.0752
0.8413
1.6997
1.5343
1.1962
0.49532
0.37498
0.68675
1.0493
1.1422
1.8555
0.37421
1.1814
0.12118
1.4349
0.7933
0.98554
0.4936
0.29971
1.0092
0.30523
1.4586
1.8323
0.31681
0.26791
0.72639
1.6954
0.35409
0.40384
0.75122
0.88049
1.6414
0.97937
0.54823
0.80589
0.83645
0.43138
2.0218
1.1539
1.3974
1.8472
1.1137
0.33496
1.3466
0.10527
1.4249
0.87223
0.99691
0.64747
0.36766
1.1051
1.1397
1.5858
1.2962
0.52386
0.3078
0.66264
0.81169
0.59531
1.7605
0.34096
0.62974
1.3426
0.82948
0.79464
0.68673
0.18993
0.75071
0.74078
0.25407
1.6697
0.64578
1.5194
0.70461
0.4666
1.8526
0.80636
1.1008
0.64384
0.71738
1.6697
0.33945
0.21861
1.3076
1.6155
0.10973
0.92133
0.52514
0.28275
0.36991
0.19319
1.1022
0.58518
0.32271
0.36667
0.43361
1.8293
0.31395
0.68215
0.74671
0.55096
0.8227
0.38109
1.4016
0.64797
0.72289
0.81656
1.1866
0.16386
0.29581
0.65398
1.4842
0.81505
0.85544
1.6388
0.97189
0.46547
0.48986
1.4562
0.94169
0.47493
1.1728
0.72932
1.8177
0.61909
0.43608
0.59733
1.0221
0.84563
1.1218
1.1508
0.51766
0.73294
0.78668
0.096793
0.51231
0.73094
0.4844
0.77446
1.6036
0.86364
0.40353
0.95322
1.2002
0.78322
0.9986
0.52572
0.51246
1.0298
0.1819
1.0165
1.2822
1.548
1.0774
0.20627
0.66984
1.2528
1.0484
1.0344
0.33333
0.82756
0.75885
0.48637
1.0233
1.2302
0.44159
1.6051
1.5808
1.0826
0.39506
0.86367
1.0613
0.88115
0.62791
0.745
0.41352
1.606
1.1609
0.61205
0.91552
1.062
1.7543
1.0817
0.92296
0.69657
1.1894
0.4108
0.35307
0.27285
0.75837
1.0927
0.51105
0.8239
0.70005
0.61322
1.5742
0.58028
1.0997
1.2066
1.0712
1.1251
1.1765
1.4461
0.63502
1.1308
1.1816
0.75119
1.7231
0.44113
1.8161
1.1489
1.0939
0.6419
0.68468
0.58241
1.1349
0.062633
1.0966
0.83104
1.4222
0.32875
1.1982
1.6437
1.0031
0.10514
1.2454
1.1164
0.82705
0.67907
0.96617
0.62106
1.4283
1.6297
1.7586
0.76858
0.34003
0.73129
0.79496
0.66332
0.94747
1.1584
0.70398
0.67648
0.52478
1.2054
1.1146
1.9456
1.1104
1.0189
0.65677
0.70586
0.52867
0.35055
0.33222
1.5969
0.80169
1.7601
0.47685
1.075
1.2025
1.1484
1.3961
1.2809
0.42692
0.54243
0.54398
1.1509
1.4754
1.7368
1.1344
0.64771
0.68358
0.74494
1.2679
0.94505
1.1215
0.42594
0.52719
0.37944
0.93532
0.54563
1.631
0.20599
0.61249
1.1606
0.55411
0.8584
0.37106
1.0637
0.76026
1.1845
1.4164
1.1988
1.0057
0.61142
1.801
0.61066
1.1593
0.39344
0.77777
0.88059
1.3709
1.1676
0.96819
0.18983
0.80934
1.4536
0.29824
0.8854
0.3165
1.1097
0.49564
1.6983
1.2435
0.50289
0.60103
0.31087
0.70436
0.7796
0.53248
0.36187
0.33512
0.39457
0.61717
0.94733
1.7434
1.1974
2.0668
0.98139
0.31221
1.0918
0.37727
1.3843
1.0823
0.93364
1.2489
0.51447
1.1902
0.34768
1.101
1.2873
0.56815
0.21012
0.32207
0.59652
0.45436
0.37866
0.3443
1.2115
0.68385
1.1878
0.90272
0.49487
0.5782
1.1866
0.5514
0.311
0.41437
0.17014
1.395
0.39296
0.52129
0.52354
0.88193
0.97821
1.4936
0.8868
1.3841
1.1071
0.9831
0.28009
1.2817
0.65042
0.96479
1.2816
1.8575
0.46997
1.0773
0.54015
0.72564
1.1027
0.45161
0.33722
0.72687
0.45204
0.76717
0.45287
1.8058
0.40534
1.4722
1.3745
0.56339
1.2648
0.55118
0.37752
1.2511
0.5625
0.69921
0.81703
0.20375
1.3002
1.2672
0.64564
0.54983
0.99122
0.1556
1.8293
1.0555
0.65522
1.7987
1.4135
1.1968
0.38932
0.299
2.2088
1.1839
0.70338
0.12493
0.14459
0.69234
0.23036
0.99204
1.2167
0.75187
0.76136
1.1265
0.36978
0.40947
0.65871
0.5687
1.1496
1.4505
1.3753
0.6353
1.0436
0.6941
0.50445
0.5574
0.5533
1.6778
1.2176
0.87348
0.32637
0.77998
1.6918
0.47964
0.50506
0.82175
1.9129
0.15741
1.1905
0.32286
0.8956
1.6637
1.5199
0.99916
0.81636
0.98356
2.5257
0.57609
1.0315
0.64885
1.3326
0.69006
0.92552
0.62447
1.312
0.34554
1.3539
1.5246
0.52206
0.33461
1.1813
0.71795
1.6028
1.1499
0.40847
0.61621
0.84772
1.0152
1.2429
1.2144
0.51785
0.96228
0.44183
0.80269
1.5085
1.7403
0.25113
0.69754
0.090198
0.86064
0.13227
0.74733
1.2078
1.4647
1.4274
0.54648
1.4065
1.2945
0.96184
1.0443
0.88279
1.5079
1.3301
0.66641
0.48853
0.99393
1.0873
0.32862
0.56782
0.94851
1.2962
1.7218
0.24014
0.9306
0.71922
0.81635
0.33167
1.2973
1.5394
1.6949
1.7447
0.6178
0.86219
0.27529
0.94249
0.37317
0.58523
0.24364
0.85651
0.91285
0.8181
0.80332
0.87008
0.20577
0.39417
1.0889
0.57276
0.39636
1.0857
1.3612
1.6008
0.53873
0.79181
0.88873
0.48234
1.2328
1.0874
0.55911
0.8813
0.95066
1.1746
0.73672
0.46129
1.7283
1.3804
0.8429
0.33857
1.0777
1.1238
1.6546
1.6748
0.73912
0.42187
1.0282
1.0268
1.7837
0.96862
0.37884
1.918
1.3281
0.43036
2.0871
0.87298
0.42939
0.32414
0.8241
0.41936
0.75249
0.5062
1.0782
1.4931
0.60369
0.54657
0.96125
1.0294
1.7065
0.99055
1.0014
1.1217
0.29916
0.64443
0.92434
0.68545
0.71458
0.1403
0.51842
0.57448
0.35648
2.1312
0.74795
0.16973
0.7925
1.6641
0.75596
1.2157
0.90535
1.521
1.4362
0.47022
1.1692
0.83264
0.8051
1.9829
0.36226
0.88108
0.14236
0.75036
0.36651
1.192
1.4632
1.374
1.6798
1.2682
0.37588
0.51013
0.26563
1.5863
1.6312
0.15151
0.80663
0.48851
1.0826
1.4604
0.85013
0.93745
0.2965
1.355
1.2616
1.3771
0.2079
0.538
1.2561
0.6379
1.2313
0.89446
0.24795
0.73579
1.3829
0.68028
1.3005
1.578
1.2418
0.80102
0.63672
0.88244
1.2389
1.23
0.34122
1.0949
1.1773
0.33034
1.4569
0.63849
1.0566
1.0586
0.43793
0.77295
0.66246
0.4102
0.72055
1.0515
1.2466
0.68477
1.1556
0.15701
1.3506
0.47957
0.28031
0.87345
0.69891
0.94361
0.1768
0.65259
0.50945
0.93758
1.3796
0.83939
0.40504
0.62364
0.89866
0.83607
1.3627
0.59977
1.2595
0.62412
1.4434
0.72
0.50753
0.73855
0.61636
0.9221
1.1333
0.14901
0.18898
0.56336
0.56735
0.66224
1.5669
0.79927
0.40088
1.2493
0.43619
1.2561
0.86221
1.0974
1.0316
0.27345
1.8715
0.57311
0.98873
0.72868
1.053
0.38093
0.39586
0.77543
1.7712
0.79256
0.43823
0.75411
1.2319
1.0626
1.6531
0.99195
1.1631
1.1596
0.86588
1.5348
1.662
0.45028
1.6376
1.1009
0.48867
0.88569
0.30678
0.77241
0.91967
0.95847
1.6613
0.57776
0.57325
0.54729
0.6099
1.1599
2.149
1.0245
0.33111
0.54474
1.1064
1.3004
1.3469
1.6062
0.90987
1.1416
1.1997
1.3858
0.86791
0.56271
0.96852
1.363
1.3981
0.31679
1.0212
1.355
0.37028
0.46745
0.55591
0.84198
0.95483
0.38445
1.3077
0.27811
0.44269
0.61322
0.86995
0.34475
0.13341
1.8525
0.43892
0.64541
0.89573
0.7454
0.47513
0.67651
0.4859
1.6795
0.97115
0.9311
0.63982
0.67451
0.34903
0.7013
0.69683
0.36203
0.51522
0.53625
1.4688
1.2606
1.4669
0.41547
0.98156
0.88857
1.6141
1.9189
0.19915
1.3574
0.26203
1.2003
1.6071
0.62982
1.5726
1.6667
0.60299
2.4871
1.361
1.1369
1.0745
0.58036
0.74766
0.81438
0.74118
2.3043
1.0215
0.77939
1.5444
1.1405
0.72553
2.3186
1.866
0.98807
1.3412
1.0879
1.1443
1.0864
0.73336
0.78672
0.48464
0.99344
0.53386
0.65332
0.77092
0.40179
0.92471
0.7446
0.51345
0.78555
0.12592
1.4994
1.0957
0.98385
0.8656
1.2258
1.0664
1.218
1.9565
2.0417
0.4935
1.9955
0.3199
1.2754
0.70419
0.80525
0.58916
1.0202
0.52525
0.82587
0.51659
1.0073
0.27918
0.32271
0.77118
0.80744
1.3116
0.70432
0.56348
0.36394
0.86486
0.53361
1.3073
1.9615
1.4303
0.38828
0.47672
1.2936
1.3285
0.62626
0.95737
0.25816
0.8613
0.95431
1.2886
1.0428
0.90485
1.4073
0.14092
0.90652
0.46728
0.44867
1.2096
0.66658
1.1643
1.4445
0.94805
1.641
1.4864
0.79732
1.2464
1.9107
0.076795
0.543
0.13388
0.22325
0.86695
0.11199
0.39886
1.0836
0.22241
1.4747
1.464
2.6965
1.0925
0.99823
1.4551
0.58292
0.20836
1.0641
0.48684
0.63108
1.4869
0.56834
0.35338
2.7595
1.5111
0.9966
0.29862
0.031807
1.3301
1.3254
1.5074
0.70755
0.94181
1.1677
1.2653
1.2934
0.3515
0.67808
0.68857
0.64664
1.3157
0.68458
0.36314
1.3133
0.66153
0.35094
1.1765
0.73079
0.84838
0.41886
1.7213
0.54938
0.76789
0.91935
0.49882
0.96159
1.0146
0.64522
0.96487
1.3127
1.7068
1.1823
0.32148
0.13309
0.85173
1.3902
0.81859
0.080582
0.52064
0.18592
0.26963
1.2008
1.5257
0.94454
1.4252
0.53067
1.0273
0.89386
1.2699
0.55301
1.262
0.51357
1.1924
0.69871
1.0305
0.56996
1.4641
1.3078
1.2809
1.01
0.95151
1.2199
0.63394
0.20912
0.91657
0.46732
0.47477
0.069068
1.2458
1.0543
0.52092
0.52793
0.19873
0.74987
0.7048
1.0038
1.0336
0.71473
0.80197
0.85069
0.64971
1.8065
1.2889
0.27188
0.73458
2.0427
1.1069
1.7594
0.47932
0.58358
0.78927
0.73012
1.2475
0.9392
0.81363
0.41993
0.64471
0.85529
0.39909
0.85486
1.1406
0.55953
0.17609
0.98953
1.1971
1.1899
1.9916
0.13228
0.46891
0.75737
0.97191
0.65338
0.079446
0.58069
1.5097
0.89697
0.60582
1.0487
0.28545
0.67682
0.265
0.92385
1.0965
0.34297
2.0132
1.3821
0.20419
0.57984
1.0875
0.43431
0.46187
0.30843
0.66476
0.68127
1.4605
0.29069
0.68676
1.1646
0.22343
1.7535
1.9664
1.5588
0.81122
0.35966
0.95439
0.75991
0.71687
1.6092
0.9684
1.0177
1.1863
1.4918
1.4787
1.1488
1.1501
0.25701
1.2966
0.82364
1.3832
0.28744
0.27046
1.4105
0.37076
2.0961
0.57068
0.35978
0.97374
1.1835
1.4804
0.40781
0.64501
0.49889
1.0127
1.3008
2.1418
1.5667
1.0537
1.096
0.82468
0.97486
0.25447
1.3548
0.49883
1.3149
0.46535
0.75866
0.86883
1.0113
0.99472
0.97982
1.1668
0.16841
0.64394
0.82621
1.2726
1.5032
0.34397
1.0067
0.88898
1.6543
0.40202
1.1292
0.30365
1.6785
0.69611
0.75684
0.63487
1.0451
1.8099
1.1192
0.26689
0.47258
1.0514
0.5519
0.75274
2.0325
0.92437
1.8782
0.49307
0.13918
0.60922
0.49886
0.71708
1.121
0.54101
0.60454
0.90292
0.93251
1.3755
0.78463
1.2759
0.53738
0.5784
0.59184
0.55329
0.6485
0.33956
0.8433
1.0361
0.19495
1.4422
1.2519
1.3655
0.46226
1.6424
0.84387
0.71657
1.0039
0.61086
0.39297
0.3235
0.22298
0.32451
2.2428
1.7809
0.3718
0.90057
0.9029
1.0521
0.24945
0.5818
0.25108
0.79566
1.9559
0.44494
1.1165
0.3772
0.38804
0.77246
0.88462
0.4031
1.0277
1.1973
1.7254
1.4152
0.74024
0.31704
0.50976
0.59226
0.92832
0.2075
0.52939
1.0026
0.77248
1.2279
1.1674
0.55456
1.074
0.92833
0.5383
1.0203
0.898
1.8394
0.56341
0.6898
1.4398
1.239
1.0846
1.8642
1.2658
1.6422
2.9648
0.67222
0.46873
0.96465
1.1561
1.1222
0.58084
1.2803
0.73796
1.1817
0.25737
0.75612
0.35816
0.085737
0.23504
0.8587
1.442
1.6572
0.97478
0.76352
0.28416
0.26067
0.43886
1.302
0.96627
0.30209
0.79186
0.89178
1.1195
0.68817
1.3058
0.27504
0.58044
0.42835
0.83678
0.19359
0.41281
1.4739
0.2568
0.61109
1.0865
0.38738
0.23004
0.61884
0.75771
1.3774
0.11784
0.45226
0.30311
0.61632
1.0927
0.55879
1.1343
0.69695
1.1051
0.81071
0.55005
0.54377
0.95272
1.3516
1.949
1.4985
0.26537
0.69659
0.6759
2.2378
1.2401
1.5853
1.3504
1.5453
1.4174
1.6229
1.1461
1.7937
0.5437
0.23822
1.228
0.71406
0.91099
1.3233
1.2788
1.2905
0.26961
0.84394
0.47723
1.2994
1.2163
0.40342
0.83943
0.11985
1.3263
0.22624
0.98054
0.89654
1.0109
1.3909
0.45006
1.3059
0.4275
0.94904
0.92954
0.79294
0.91828
2.4543
0.63912
1.166
0.72414
1.0137
0.77549
0.49757
0.76277
1.0947
0.88045
0.28703
0.34761
0.35837
0.17351
0.53349
2.0406
0.087679
0.88644
0.80806
1.5557
0.49187
0.57594
0.77861
0.54363
0.61233
0.70155
1.5802
0.98768
0.95076
0.61227
0.9507
0.76795
0.69342
0.93465
0.41056
0.77142
0.4548
1.0742
0.38931
1.2354
1.4696
1.5668
1.3663
0.46949
0.1902
1.275
0.50096
1.9056
1.474
1.2956
0.27843
0.77354
1.8623
0.36298
0.22599
0.85332
0.91501
0.69163
1.2118
0.59657
0.13853
1.3457
0.67882
0.66595
0.67211
0.11344
0.97445
1.1578
0.88391
1.4725
1.0134
0.49156
1.0895
0.56017
0.66211
0.41846
0.80793
0.98178
0.69228
0.70917
0.79022
0.56085
0.9886
1.4512
1.0013
0.45799
0.3285
1.0292
2.035
1.8836
0.40366
0.24969
0.52046
0.18654
0.84132
0.76739
0.65372
0.16504
0.31816
1.9202
0.74469
0.56175
1.3733
1.7338
0.79095
1.795
0.83258
1.2486
0.8616
0.65159
1.7368
0.39088
1.7976
0.6674
0.82484
0.74143
0.35904
1.3003
1.2658
1.4231
0.44245
0.55445
0.33559
1.3545
0.92847
0.68101
0.71847
1.1038
0.49585
0.98129
0.12388
1.2586
0.49878
0.41036
0.87962
0.62205
0.47614
1.2024
0.53359
0.28864
0.073321
0.35281
0.82847
2.2663
2.0479
1.531
0.48947
0.76898
0.57374
1.215
2.0897
1.4555
0.67625
2.0459
0.24818
0.02084
0.98604
0.33272
0.72632
0.42457
0.85387
1.6801
0.88079
1.0693
0.30681
0.32824
0.65497
1.1841
1.2051
0.77504
0.96664
0.53039
0.96697
1.1517
1.029
0.26076
0.99191
0.85365
1.1977
0.79531
1.249
1.1046
0.79444
0.82346
0.83361
0.30441
0.56057
0.32509
0.46584
0.89616
1.2034
1.6435
1.1216
0.91648
0.88723
0.14444
0.27551
0.71755
0.73376
1.4764
0.95828
0.24252
1.2411
1.3302
1.029
0.69118
0.91144
0.93674
1.1201
0.31579
0.61773
1.5036
1.5758
2.0768
0.29108
1.0004
0.92881
0.74307
1.2969
1.951
0.64695
0.88288
1.2687
1.2755
0.60489
0.53957
0.78104
0.8017
0.9485
0.76501
0.56022
1.1072
0.49258
1.6061
0.86686
0.95833
0.30511
0.92118
0.23766
0.95133
1.1903
0.36913
0.83979
0.92684
0.77042
1.1798
1.1654
1.2498
0.73733
0.42443
0.39924
0.66349
0.12291
0.14575
0.61791
0.49139
1.0263
0.4978
1.7523
1.0207
1.0149
1.4291
0.13384
0.93684
0.94879
0.49499
0.91463
0.7424
0.65579
1.8469
0.952
0.20475
0.71994
0.26318
0.25501
0.52921
0.78626
0.43958
2.1291
0.54068
1.5075
1.7401
1.2976
0.86545
2.1546
0.39108
0.86465
1.3775
1.1852
1.6936
1.2584
0.87445
0.88001
1.0231
0.90482
1.0538
0.74729
0.087613
0.57575
1.0094
0.74655
0.98321
0.9943
0.92595
0.54487
1.0107
0.68383
0.39893
1.456
1.3216
0.22502
0.15085
1.174
1.121
0.41999
0.4696
0.99717
1.0069
1.1414
1.1615
0.074976
1.7531
0.62536
0.83053
1.4757
0.87959
0.57481
0.20049
0.7981
0.25839
0.10231
0.87417
1.0056
1.5506
0.41154
0.93947
0.52718
0.76846
0.8613
1.1498
1.4144
1.5984
0.40809
1.0429
0.62812
1.5031
0.72946
1.4712
1.1785
0.93887
0.57864
0.37369
0.45171
1.2079
1.0297
0.20046
1.0953
1.3673
0.54326
1.1237
1.0546
2.5732
0.75687
0.9009
1.3506
0.59308
0.78022
1.1696
0.96626
1.1866
0.73492
1.7153
0.71205
1.7943
0.38474
1.0343
1.4789
0.72239
0.67964
0.49668
0.55302
0.48343
0.65785
0.30367
0.70764
0.5531
0.58131
0.60917
0.289
0.17586
1.0545
1.5349
0.46369
0.61778
1.324
0.85549
0.25016
1.4071
0.64501
1.2805
0.68384
0.69054
0.90485
0.64584
0.89714
0.40079
0.58844
0.92052
0.69117
0.66665
0.34506
0.0801
0.563
0.82557
1.7371
1.4912
0.3909
0.29631
0.63087
0.87833
0.19843
1.5896
0.97578
2.0269
0.72416
0.75181
2.0977
0.72661
1.0105
1.9162
0.14715
1.4225
0.77252
0.38319
0.61801
1.8312
0.90583
0.9063
0.51617
0.012678
1.1648
0.34821
1.7324
1.0506
0.56154
0.83411
0.77713
1.222
1.4477
0.85039
0.36691
0.66638
0.89579
1.4095
1.3992
0.1325
0.16887
0.92008
0.52883
0.76311
0.52806
0.15612
1.7813
1.0232
0.8608
1.3204
1.0164
0.34388
1.6345
1.542
1.2573
0.697
1.1387
0.53911
1.0886
0.51701
1.1725
0.63163
1.4232
0.24346
0.90034
1.0135
1.3316
0.83367
0.8909
1.6477
0.34484
0.31104
0.49504
0.86654
0.47747
0.36441
0.63018
1.6291
1.4435
0.92456
0.49502
0.72738
0.86631
1.8406
1.3093
0.26574
0.72549
0.82496
1.2334
0.22167
1.0077
0.883
0.43053
0.48465
0.9048
0.6867
0.21334
0.64051
1.15
0.56933
0.76019
0.1655
1.0959
0.83614
1.122
1.6127
1.4814
1.6082
0.061768
0.71519
0.48686
0.38646
0.43574
0.25525
1.8244
1.4029
0.56655
0.36994
0.99158
1.2376
0.74272
1.914
1.7706
0.26243
0.95508
0.49211
1.1901
0.70476
0.3361
0.68041
0.28086
0.06484
1.3771
1.9228
0.30483
1.3822
1.552
0.57836
1.3202
1.3544
0.85802
0.22941
0.54741
0.63008
1.6292
1.088
0.25544
0.39293
0.33997
0.72803
1.3478
1.318
0.53938
0.23721
0.64698
0.78046
0.71746
1.2041
0.4458
0.48747
0.72748
0.91078
0.77351
1.0205
0.064944
1.004
0.1855
1.9234
0.50123
0.90585
0.67915
1.0762
0.28533
1.2244
0.99106
1.085
1.8097
0.70869
0.42343
0.72842
1.006
1.4025
1.4661
0.1377
0.78298
1.5644
1.1671
1.2497
1.0754
0.31812
0.80783
1.3486
1.3931
1.6577
0.39632
0.16086
0.27133
0.94486
0.32183
0.85126
0.86932
1.336
1.5782
0.67604
1.0808
0.87339
1.2472
2.5572
0.47554
0.99977
2.0471
0.57923
1.2331
0.61068
1.1842
1.1506
1.4228
1.0327
0.53089
0.34262
0.5847
1.1834
0.89187
0.26694
0.69645
1.1635
0.67844
0.60256
0.95246
1.2816
1.0866
0.60563
0.67931
1.1777
1.7711
0.79507
1.3176
0.8064
0.3712
0.69885
1.1419
0.39647
1.3596
1.1616
0.63215
1.2196
0.43727
1.0615
0.84655
0.51918
0.55159
0.67269
1.1789
0.55571
1.0394
1.0931
1.4361
2.1427
0.27935
0.30709
0.98079
0.59556
0.63007
1.4347
1.2667
0.31973
0.33834
0.98676
1.1771
0.71157
0.68504
1.9819
0.44584
0.8111
0.30811
1.4601
0.23528
0.27523
1.5349
0.93747
1.0633
0.40858
0.2312
0.56194
0.61646
0.6664
1.0735
0.55837
1.3592
0.52378
1.545
0.18133
0.70427
0.33314
1.2803
0.10961
1.1923
1.2242
0.95462
0.49729
0.41868
0.94489
0.9541
0.50901
1.1789
0.3797
0.61843
0.15122
1.2979
1.2376
1.0779
0.53386
1.0002
0.70953
0.97907
0.77263
0.9764
0.63821
2.054
0.45483
1.0248
0.57858
0.20488
0.82366
0.63735
0.91936
0.40387
0.65138
0.82745
0.99914
0.61479
1.52
1.7447
0.3742
0.65415
0.70253
0.92891
0.82811
1.3443
1.5406
0.61471
1.3954
0.79832
2.3737
0.92495
1.2225
0.64467
0.82883
0.71465
1.2683
1.4088
1.9335
0.24972
0.6026
0.76823
1.1043
1.7763
0.39762
0.71859
1.9971
0.26296
2.1509
0.66693
0.48722
0.80094
1.1107
0.68168
0.92443
0.77747
1.2871
0.54319
1.2438
1.517
0.33073
0.44227
0.35309
1.5585
0.597
1.3307
0.4274
0.56336
0.50373
0.51947
1.692
0.70324
0.3272
0.81326
0.82515
1.1679
0.16973
0.73674
0.17923
1.7842
1.2915
0.80894
0.66705
1.0376
0.6583
1.0171
0.40251
0.78167
0.6292
1.1663
1.4523
1.7899
0.34474
0.53239
0.46963
0.90432
1.6087
1.3672
1.1821
1.5923
0.39851
1.3603
0.69529
0.79863
1.2862
0.52418
0.69723
1.3724
0.88784
0.61853
1.1263
0.68573
0.24502
0.75349
0.60544
0.14713
0.3261
0.65812
0.13125
1.345
0.82083
0.68283
0.47238
0.93425
1.7039
0.80967
1.4163
1.0012
0.60126
1.4295
0.49091
1.729
0.45146
0.37787
1.2748
0.7061
0.05767
1.778
1.4052
1.2251
0.73454
0.63153
0.56928
0.82723
0.66263
1.8204
1.2809
0.53692
1.0849
0.53754
0.40016
1.5196
0.71731
0.57242
0.75125
1.2032
0.30596
0.22504
0.81304
0.58873
0.47397
1.2692
1.4955
0.69306
1.951
1.8116
1.4696
0.44726
0.98781
1.2138
0.99965
1.3212
0.50515
1.0529
1.0736
0.56759
0.73227
0.50134
1.0113
1.2996
0.74543
0.85296
0.92932
1.0714
0.16677
1.1636
0.75314
1.0217
1.0792
2.1604
0.63504
0.34841
0.92971
0.39048
0.2311
0.98888
1.2622
1.3113
1.0878
0.40268
0.802
0.43383
1.4954
0.69473
0.75346
1.1591
2.464
1.1169
0.44374
0.33287
0.064814
2.1852
0.55752
1.5715
0.67582
0.46562
0.43171
0.753
1.1606
0.49261
1.3329
1.1374
2.3061
0.96042
1.9049
0.39624
1.2591
0.38783
1.6971
1.224
1.7592
0.53513
0.59955
0.29103
0.30902
0.46504
0.017961
0.47137
1.0632
1.9191
0.55754
0.86551
0.96695
0.38834
1.6902
0.9776
1.3975
1.7567
0.59962
0.30076
0.97893
1.1892
0.31226
0.59481
0.33199
0.23115
0.25574
0.056732
0.96123
0.64468
0.44143
0.68864
0.59662
0.84519
0.82199
0.49883
1.7908
0.32286
0.55849
0.69632
0.52989
1.1212
1.2565
0.65378
0.27312
0.46631
1.024
1.144
0.54303
0.56952
0.39325
0.29097
1.1459
0.61135
0.69374
1.624
1.292
1.045
1.0807
0.93114
1.5599
0.76161
0.63563
1.4698
1.0738
0.13925
0.34812
1.9449
0.38342
1.186
0.91413
1.4141
1.2387
0.50521
1.562
0.95674
0.72625
1.2755
0.60103
0.72292
0.87605
1.1926
0.94067
0.51061
1.8283
0.70592
1.5913
0.93732
0.12095
0.41377
1.7172
0.56402
1.4708
0.85019
0.37534
2.0229
0.44697
0.49346
1.2812
0.30198
0.61664
0.34401
0.58177
0.85078
0.42715
1.5491
1.9156
1.0447
0.84832
1.2207
0.76767
0.61966
0.42473
0.3316
0.9091
0.95768
0.90593
1.0828
0.89739
0.19042
0.87831
0.83737
1.959
1.284
0.32777
0.9713
1.5107
1.025
1.3126
1.179
0.6669
0.15667
0.28751
1.7095
0.31928
1.2887
0.086094
1.058
1.2167
0.2407
0.4579
0.28029
0.57497
0.35872
0.38073
1.0143
1.4118
0.4647
0.61969
0.91692
0.2331
0.22374
1.8546
1.1344
1.6407
0.4359
0.96204
0.73668
1.0337
0.17092
0.71075
0.63561
0.38336
0.93129
1.6161
0.37102
0.60361
0.41552
0.62546
0.59555
0.33236
0.7294
1.0599
0.071852
1.254
1.1184
0.42731
0.51092
1.2675
0.51787
0.69616
0.19075
0.82813
0.8583
0.7314
0.14359
1.0259
1.159
0.72645
0.54208
1.5815
0.99043
1.5626
1.0702
0.88958
1.3512
1.678
0.89999
1.12
1.2703
0.8208
1.9846
0.43152
1.2679
0.92304
0.55722
0.80059
1.1454
0.51398
0.21601
1.4628
1.9218
0.92879
1.6562
1.4404
1.5432
1.2075
1.247
0.70328
0.9644
0.56502
0.19867
0.53609
1.5942
0.37632
1.007
0.47633
0.49021
1.051
0.2265
0.43376
0.68075
1.1039
0.69489
0.10753
1.033
1.1952
2.7984
0.30837
0.6826
0.49041
0.53795
0.69502
1.3023
0.41241
0.578
0.65423
0.69979
0.36731
0.48202
0.56778
0.94534
0.04847
0.68696
1.0202
1.3038
1.0661
1.168
0.24642
0.33656
0.10964
0.22067
0.36666
1.3486
1.3854
0.65657
0.4854
1.6208
1.1868
2.13
1.2078
1.1692
0.30317
1.0005
1.8081
0.65536
0.45043
1.5748
2.1135
1.0031
0.94068
0.93649
0.87705
0.87382
0.77536
0.79361
0.82333
0.49705
1.1127
0.77261
0.74429
1.261
0.76705
1.2415
0.77419
1.6317
0.38769
1.2523
1.197
0.98288
1.1167
0.53571
1.069
1.4938
0.46422
1.1739
0.82787
1.7952
0.68651
0.97375
1.0848
1.05
0.26619
0.87138
3.0908
0.56613
0.95791
1.9431
0.67069
0.90689
0.72432
0.69375
0.88851
1.7361
0.57352
0.54862
0.95098
1.7228
0.23108
0.36167
0.43493
0.89529
0.35037
0.39769
0.65899
0.82442
1.6052
1.0075
1.2103
0.38809
0.6746
0.55921
1.3622
0.2273
0.95668
0.70145
0.47438
0.61346
3.1523
0.82936
0.12035
2.2274
1.7877
1.5063
0.71075
1.7536
0.92901
1.0165
0.60001
1.0067
1.0608
0.624
0.73426
1.1938
0.99055
1.2594
1.1629
0.40704
0.92243
0.64815
0.79529
0.25505
1.048
1.0095
0.54071
0.38244
1.953
0.40383
0.46223
0.78169
0.9139
0.71188
1.0456
0.50089
1.5284
0.89116
0.52142
0.6846
2.5511
2.016
0.88509
1.2276
0.9952
0.90454
1.6739
1.0052
0.98785
1.0954
0.29178
0.85994
1.3087
1.1018
0.43264
0.69359
0.64037
0.69583
1.1585
0.36932
2.2863
1.0036
0.72408
0.27953
0.88367
0.92603
0.65052
0.51853
0.98414
0.88854
0.6636
0.55468
0.67527
0.49467
1.835
1.5146
1.7822
1.3525
0.42464
0.76212
1.3267
0.2513
0.78243
0.4313
1.0712
1.2074
0.59484
0.80891
1.1186
1.894
1.3706
0.4934
0.81014
0.93546
1.4902
0.67806
1.4372
0.7373
1.3
0.83868
1.0451
1.2553
1.5007
1.3686
0.36802
0.56785
2.373
0.45849
1.1849
0.34801
0.41858
1.0169
1.0744
1.3673
0.97245
1.089
0.44387
1.1284
0.40101
1.278
1.0177
1.0302
0.73148
0.88584
1.8051
0.98364
0.77733
1.6384
1.2431
0.50883
0.67929
0.46076
1.9596
2.1079
0.9588
1.2498
0.72882
0.44174
0.53751
0.27109
0.80326
0.78657
0.63602
0.37123
1.3067
0.59829
1.2909
1.269
0.51001
0.79692
2.3145
0.2137
0.36184
0.36961
0.83974
0.79549
1.8531
0.53617
0.52593
0.7339
0.99696
0.84219
0.80013
0.89518
1.3961
0.65312
0.62732
0.53665
1.0883
0.46661
1.0973
1.1377
1.1435
0.51947
1.0695
1.0149
0.62636
1.8426
1.3773
0.92942
1.2438
0.52378
0.66418
0.41806
1.2535
0.90815
0.5584
1.5021
0.90037
0.84393
0.60388
0.26777
1.365
1.7157
0.70461
1.1895
0.76345
0.62279
0.87321
0.64648
0.46126
0.39366
0.58417
1.1551
1.1032
1.2972
0.71545
0.50065
1.5316
0.94428
0.67828
0.51717
0.81389
1.7499
0.90528
0.49683
0.094305
0.40419
1.6774
0.51539
0.5672
0.53053
1.2658
1.0618
0.71813
0.15216
0.89182
0.837
0.16957
0.52009
0.14298
1.2631
1.8581
1.358
0.57351
0.50195
0.66225
1.0414
0.65088
1.7569
0.37704
1.5078
0.23343
0.98433
1.4163
1.0779
0.32684
0.49744
1.2825
1.3225
0.33588
0.51027
0.48275
1.2425
1.2818
0.66016
1.4818
0.82546
0.61518
1.3606
0.99256
0.46123
0.30831
1.3521
0.55126
0.76651
1.2931
0.60913
1.0975
0.67708
1.202
0.84539
0.52605
0.69116
1.1812
0.65258
1.0518
1.4584
0.6483
0.23263
0.41591
1.3862
0.61213
0.63965
0.81999
0.91272
0.97887
0.41428
1.176
1.1103
0.76032
0.68363
0.89394
0.38169
0.21711
0.45022
0.57308
1.4503
1.5778
0.4188
1.0238
0.31483
0.74052
1.7246
1.2386
1.3854
0.93613
0.3614
1.5413
0.2697
0.25751
1.1518
1.8257
0.87325
0.73294
0.56496
1.0479
1.6595
0.33867
0.43311
0.99313
0.51699
0.90934
0.81071
0.76124
1.1851
1.4329
0.7025
0.6989
1.2035
0.39193
1.4698
0.35352
0.97181
1.0975
0.53273
1.1521
0.80207
1.2137
1.6957
0.43475
1.4683
0.78271
0.68594
2.8083
1.3455
2.1575
0.53262
0.59278
1.0158
0.63235
1.5482
0.44184
0.92729
1.5122
1.5254
1.497
0.69292
1.2667
0.92732
0.46036
1.0545
1.1389
0.44708
1.256
0.65099
0.74271
0.75711
1.0753
1.388
1.4278
0.41374
0.86328
1.2093
0.49712
0.61815
1.3509
1.3992
0.63432
0.64609
0.66359
1.2953
0.4426
0.69869
0.26492
0.64294
1.1788
1.7505
1.8147
0.57525
1.1887
1.3879
1.7676
0.46061
0.41652
1.2132
0.53904
1.1252
1.0411
1.0541
1.6458
1.6006
0.83877
0.98889
0.93577
0.69177
0.64045
0.6733
1.0384
0.54286
0.60259
0.73038
0.35316
0.20913
0.38824
1.0669
0.64039
0.31484
0.6146
0.029591
0.83328
1.1396
0.60509
0.07071
1.2485
0.93687
1.3491
1.1779
0.96548
1.0384
0.27232
0.89021
0.80086
0.83117
0.4586
0.46595
1.4624
0.69333
0.50777
1.1206
1.1457
0.87368
0.99543
0.85764
0.90833
1.1686
1.3993
1.1505
1.0267
1.1731
2.0083
0.89266
0.31667
0.64805
1.3935
1.1631
0.48386
0.56419
0.4412
0.25655
1.2863
0.80041
1.1273
0.94633
1.1949
1.0141
1.3439
2.4453
0.94857
1.1289
1.3153
0.73145
0.57131
0.57162
0.82227
1.0588
0.88759
1.102
0.61743
0.27974
1.1099
0.8616
0.96833
1.0691
0.95699
0.36135
0.21903
2.3302
0.71306
0.49126
0.66979
1.4647
0.58461
1.5249
0.73249
0.40668
1.211
1.2766
1.8096
0.43507
1.8885
1.0009
1.3206
0.82767
0.83738
0.381
0.74841
1.3289
0.31004
0.64033
0.82933
0.44262
1.1162
0.356
0.79509
1.5426
0.85242
1.0648
0.78134
0.21038
1.0005
1.9058
0.54933
1.0603
0.63839
0.83514
0.39181
0.53806
0.95996
0.81567
0.73367
0.82267
0.55626
0.56271
1.2803
0.88752
0.8103
1.3796
0.49596
1.3413
0.8383
1.162
0.68935
0.88478
1.1682
0.79159
1.546
0.75966
0.39992
0.56405
0.78651
0.63093
0.38734
0.77093
0.30588
0.76527
0.39084
0.89016
1.3523
1.1995
0.70103
0.91398
0.70638
1.2005
0.26227
0.59314
0.62618
0.96557
0.65927
0.89452
0.10039
1.539
0.87091
0.60477
0.24483
0.67797
0.69476
0.66392
1.3737
1.1865
0.77303
1.1923
0.82768
0.47072
0.64047
1.8174
1.253
0.95316
0.29206
0.7054
1.2336
1.0261
1.1476
0.97648
0.36027
0.7673
1.0603
0.65806
0.70259
1.5555
1.0015
0.24885
0.28342
1.1592
1.1531
0.49803
0.95474
0.34717
0.89088
0.83617
0.99312
0.98137
0.88357
0.57583
0.56105
1.0442
0.87592
0.98673
1.6582
0.1321
0.71904
0.89342
0.16849
0.61075
0.84704
1.0144
0.9168
1.2566
0.77926
0.20839
1.2948
0.51098
0.42128
0.31011
0.67896
0.72219
0.50793
1.1393
2.1907
1.1468
0.79223
1.2211
0.30262
1.4774
1.1502
0.85697
0.64351
0.42331
0.67423
0.46328
0.74691
0.84253
0.47038
0.90476
1.7374
0.11233
0.53729
0.73964
1.047
0.72247
0.32177
0.41334
0.37561
1.5056
0.48901
0.94947
1.0867
1.9052
0.58468
0.41236
1.7315
1.1849
0.22612
1.4854
0.2072
1.0311
0.35683
1.1346
0.57987
1.7325
1.4942
0.38987
0.92594
0.7585
0.55766
0.19976
1.6816
1.4574
1.4262
0.46877
1.3533
0.80209
0.58692
0.098235
0.70255
1.1101
0.77216
0.78414
0.32371
1.6267
0.12799
0.31473
0.25089
0.63064
0.56519
1.5399
1.4139
0.45818
0.40997
1.5077
0.52901
1.0657
1.1977
0.41813
0.92955
0.64465
1.8249
0.54774
0.04936
0.97813
0.79767
0.49309
1.3487
0.32216
1.0818
0.62183
0.88221
0.63968
0.61758
1.1906
0.78058
1.3441
0.31316
0.74656
0.40998
0.15684
0.47717
0.76835
0.36837
1.1482
0.24646
0.098916
0.29367
1.8142
0.73107
0.93011
1.7577
0.2788
0.53469
1.6753
0.57057
1.1183
0.19019
1.379
0.71798
0.87485
0.94252
0.35676
1.2215
0.78148
0.23199
0.65242
1.8381
0.97188
0.36711
0.9726
0.5402
0.54737
1.2127
0.28153
1.3267
0.43131
0.94315
0.51081
1.0386
0.33917
0.39516
1.4233
0.61821
1.3784
0.94377
0.77326
0.77108
0.50742
0.54781
0.31124
0.87663
0.95618
0.24028
1.5321
0.76293
1.0713
0.23835
0.69268
0.87581
0.35907
0.55771
0.7273
1.5153
1.9551
1.5727
0.8872
1.2921
1.6089
1.0543
1.2172
1.0427
0.77032
0.17945
1.2173
0.95704
0.096288
0.87872
0.12486
0.83443
0.10986
0.78722
1.4206
1.0398
0.5622
0.93698
0.27975
1.6294
0.98447
0.75541
0.52814
0.55651
0.98199
0.31654
1.2826
0.3408
1.1637
0.93953
2.3917
0.7781
1.0316
0.66151
0.265
0.72906
1.1596
0.32469
2.015
1.216
0.57696
1.5187
0.57676
1.1954
0.94058
1.1135
1.3735
1.0825
0.67572
1.9468
0.68655
1.2683
0.96108
0.87403
0.47455
1.2286
0.98047
0.31281
1.4452
1.7606
0.60962
1.1001
0.058699
1.3012
0.76715
0.72487
0.83371
0.87805
1.3707
1.163
0.57027
0.060492
0.76696
0.66374
0.62006
0.21986
1.002
0.86987
1.4323
1.59
0.78025
0.63011
0.41254
0.71667
1.6656
0.55163
1.3688
1.5697
1.7366
1.5877
1.243
0.9723
1.1157
1.3781
0.67527
1.4745
0.55551
0.34133
0.90243
0.94672
0.93928
0.3596
0.80009
1.4345
1.2463
1.335
1.018
1.0045
0.77123
1.4248
0.58476
1.0177
0.65976
0.92466
0.52721
1.1895
1.2919
1.3708
0.093942
0.16002
0.28478
0.89197
1.2651
0.9896
0.54483
0.3227
0.38768
0.16454
1.3737
1.4472
1.281
1.1646
0.56321
1.2243
0.71817
1.3222
0.74364
0.88246
0.35285
2.244
1.0006
1.3474
1.6041
0.32262
0.92135
0.77734
1.5625
0.72767
0.94698
0.70006
1.7917
1.7428
0.88439
0.44613
0.5986
0.77326
1.2668
0.6704
1.7589
0.57225
0.92591
0.81367
0.3048
0.53682
0.19663
0.52716
0.90848
0.88677
0.81869
1.2059
0.90647
1.3916
0.80463
0.95229
1.7033
1.0048
1.5221
0.7031
1.2242
0.73728
1.0522
0.54071
0.49639
1.4586
0.91743
1.3888
1.519
0.81619
1.2989
0.56675
1.804
1.3197
0.40513
0.43179
1.2609
0.84759
0.79036
1.2776
0.29953
1.1239
0.22403
0.61726
0.69384
0.77469
0.50109
1.2066
1.466
1.0198
1.5187
0.98254
0.14917
0.69827
0.74282
0.89395
0.89886
0.94755
0.32701
0.93608
0.62083
1.8236
1.3136
1.538
1.4415
1.2917
0.87451
1.3272
0.8074
0.62659
0.37489
0.52771
0.12607
1.2308
1.3246
0.28359
0.32641
0.98741
1.4094
1.3965
2.2349
0.46182
0.43887
0.29813
1.0261
0.88536
0.66148
0.6287
0.15617
0.69915
0.27385
0.27302
0.0478
1.147
0.23529
1.4792
0.37323
1.4872
0.32749
0.67367
0.71356
0.87085
0.81591
0.77935
0.60886
0.75791
1.2611
0.99013
0.67873
0.81442
1.4316
0.43192
0.41835
1.0624
1.3575
0.39257
1.0712
1.1449
0.38745
0.47077
1.1566
0.32655
1.4396
0.39353
0.43899
0.88878
1.4335
1.5807
1.322
0.5641
0.84826
0.82425
0.28887
1.2389
1.4129
0.9037
1.2267
1.2015
1.1356
1.407
1.3172
0.99398
0.11558
0.39008
0.55611
0.72665
1.1967
1.1904
1.9918
0.45058
0.5817
0.50505
1.1037
0.4746
0.82223
1.4622
0.36359
1.258
1.1096
1.1113
0.36472
1.3515
0.56974
0.46498
0.54647
0.48279
0.59983
0.50051
1.0037
0.30769
0.76949
0.39368
0.20837
0.46561
0.93401
0.7113
0.80502
0.70505
1.3189
0.81097
0.83637
0.40864
0.74646
1.318
1.4292
0.64783
1.2433
0.8993
0.54233
0.63812
1.0982
0.50799
1.0171
1.5513
0.56443
0.57737
1.5851
0.55302
1.5748
0.33858
0.3445
0.75052
0.40744
1.4375
1.2594
1.7339
0.60632
1.1075
0.53903
0.79119
1.0559
0.28683
0.4338
0.8051
1.4485
1.5435
0.62934
0.58471
0.13899
0.1959
0.95453
1.295
0.97122
0.34933
0.72029
0.68184
0.20033
1.195
1.0703
1.1185
0.29248
0.461
0.15097
1.3243
0.46549
1.0047
0.75926
1.1151
0.57475
1.0551
0.62458
0.42669
1.7771
0.19103
1.4225
1.4102
0.65349
1.0528
0.1504
0.64068
0.29688
1.3917
1.5043
0.24943
0.55545
1.9393
1.4916
1.4939
1.1254
0.38418
1.4864
0.74496
0.28506
0.14787
0.31699
1.727
0.94108
1.0798
0.92728
0.29841
1.1209
0.74396
0.46368
0.57481
0.32263
1.701
0.38821
2.2044
0.57571
0.58414
1.3191
0.37371
1.3617
0.30357
1.2055
0.61383
0.66817
1.3593
1.1131
1.2716
0.26575
0.78411
0.22045
1.2352
0.66216
0.49042
0.95689
0.42211
1.3467
1.2621
1.033
1.1789
1.0306
0.1171
0.68679
0.71908
0.74122
0.95328
0.77856
0.50176
0.86843
1.5576
0.2615
1.77
0.65787
0.5573
1.5404
0.4913
0.27956
0.75648
0.88832
0.48089
1.1223
0.089048
0.11883
0.78948
0.33407
1.2024
0.85854
0.31143
0.6402
0.91141
0.39729
0.96242
0.87063
0.89359
1.0616
0.37191
0.35227
1.0344
0.2172
1.0826
0.26635
1.3494
0.21955
0.35989
0.82396
2.001
0.50083
1.0115
0.40525
0.91481
0.70798
0.9869
0.57144
1.0731
0.22798
0.40351
0.5041
1.098
0.369
0.99026
0.47447
0.44986
0.031425
1.7604
1.2002
0.91753
0.40715
0.97509
1.4482
0.29757
1.3046
0.72548
0.45588
1.1587
0.11955
0.9045
1.2209
1.2996
0.59933
0.36511
0.51255
1.1583
0.11999
1.7662
1.0328
0.62907
1.6939
1.7054
0.75576
0.65523
1.1998
0.68333
0.79675
0.81546
0.59528
0.99213
0.69836
1.0863
1.5415
0.64117
1.8855
0.9776
1.6218
1.1096
1.2433
0.57073
0.5912
0.57906
1.0091
0.77735
1.0138
0.2467
0.90008
1.4832
0.38064
1.8267
1.2245
1.4074
1.0934
1.1703
0.55954
0.67075
0.15832
1.0514
0.93051
0.8562
0.3074
0.74726
0.92523
0.88811
0.22366
0.73462
0.96847
0.76371
0.11635
0.49379
1.5582
0.98567
0.51187
1.2698
1.0203
1.2348
2.39
1.2854
0.8933
0.61885
0.87129
1.4328
0.46749
1.6054
1.4474
0.37155
0.61457
0.8183
0.69548
0.4281
2.1331
0.80627
0.97851
1.6836
0.58004
0.50088
0.57721
1.4565
1.0621
0.37902
0.62673
1.1958
1.8865
1.1543
0.53815
0.91764
0.22605
1.572
2.027
0.69769
1.2426
0.5318
0.58275
0.94874
1.1895
0.79761
0.48241
0.50928
0.99313
0.9111
0.11578
0.33106
0.5543
1.2292
1.6345
1.5568
1.1566
1.3738
1.0051
0.61978
1.5105
0.34615
0.8723
0.79102
1.5849
1.4059
1.8546
1.1387
0.52309
0.25145
2.0442
1.6566
0.63603
0.75819
1.2007
0.33694
0.87923
0.70868
1.0755
1.4154
0.27311
0.20737
0.10386
1.2256
0.99989
0.58141
1.8792
0.71891
1.0279
0.89983
1.3869
1.3165
0.73468
0.93253
1.0933
0.88742
0.95216
0.3376
0.93064
0.54758
1.1484
1.1873
1.3415
0.70637
0.69715
0.27432
0.20658
0.46998
0.69997
0.34399
0.80999
0.87711
1.1839
0.5264
0.72071
2.3074
0.65259
0.21377
0.83407
0.70936
0.58101
1.6628
1.3044
0.36068
0.49118
0.2515
1.0969
0.39253
0.44858
0.43108
0.9118
0.78429
0.30061
0.71738
2.2317
1.1405
1.4087
0.58679
1.7838
0.91017
0.62059
0.77115
1.3139
1.568
1.2953
0.9988
0.26721
0.60124
1.3393
0.50678
0.94012
0.58689
1.0499
0.77196
0.059482
0.63615
0.34309
1.0132
0.91361
0.55726
0.074068
0.8608
1.0507
0.70849
0.50722
0.97613
1.2611
0.97477
1.6531
0.91575
0.60947
0.82469
0.57688
1.0954
0.59002
0.29767
0.59028
1.42
0.63817
0.98961
0.82962
0.95853
0.20092
1.4687
0.76003
0.87232
1.3562
0.80248
1.0678
0.49673
1.663
0.68867
0.67149
1.5849
0.40849
0.38545
0.52547
0.25355
0.65913
0.063096
0.55338
1.6901
2.1617
0.43038
1.0458
1.1459
1.4909
1.306
0.97858
0.42167
0.52173
0.1133
0.58402
1.0318
0.78782
0.54357
0.2706
1.4327
1.2287
1.0558
1.0413
0.37731
0.62608
2.0188
0.8117
0.81783
0.96241
0.28742
0.09098
0.76768
0.74881
1.2085
0.47475
1.1984
0.74587
0.69206
0.88896
0.53086
0.75458
0.5012
0.55586
0.18763
0.52009
0.75342
0.71508
0.72489
0.19775
0.90405
0.6062
1.2019
0.51046
1.3537
1.5946
1.0812
1.0613
1.3161
1.1842
0.090525
0.70154
0.85307
1.1872
0.16259
0.5787
0.59915
1.3206
0.86844
0.46562
1.4866
0.47896
0.37621
1.5263
1.6494
1.6759
0.88735
0.35846
1.0276
0.91024
1.4251
0.65236
0.78794
0.56207
1.4227
0.3344
0.88374
1.5154
0.95588
0.37583
0.20853
1.9608
0.23794
0.28515
0.70194
0.8444
0.90013
0.96139
1.3728
0.37292
0.84983
0.38851
0.56317
0.78195
0.67885
1.1458
0.72427
0.37884
0.27816
0.22386
1.6454
0.2353
0.8366
1.6395
1.3686
1.1032
1.3339
0.55464
0.35802
0.40106
0.63044
0.47437
1.5158
0.80549
1.6839
0.45413
1.0306
0.43316
0.56713
1.0425
1.2465
1.0389
0.88208
0.79828
0.95566
0.53397
1.9011
0.99084
1.2955
0.99444
1.0517
1.9973
0.61482
0.63007
0.42741
0.91062
0.67303
0.63859
1.0166
1.0696
0.60942
1.9073
0.24892
0.68377
1.4148
0.25191
0.87154
0.26293
0.16467
1.1214
0.78638
2.0919
1.3603
1.0223
0.50726
1.0671
0.76911
0.98349
0.5361
0.12263
0.89718
1.611
1.516
1.044
1.1092
0.29441
0.82684
0.73896
1.7212
1.1495
0.49475
0.7873
0.24926
0.7878
0.94044
0.19124
0.71574
0.24603
0.5226
1.483
1.1202
1.2443
0.9381
0.83055
0.41584
0.49897
0.73379
0.80987
1.0987
0.60897
0.68217
0.50306
0.37626
1.9059
0.69663
1.272
0.38118
0.27296
0.40713
1.8025
0.80009
1.0055
1.6302
1.1804
1.682
1.2099
0.25834
0.46345
1.8079
0.17992
0.2693
1.7552
1.0536
0.57736
1.8599
1.1897
1.0874
0.42606
0.80648
1.4692
1.404
0.95132
1.3553
0.23906
1.4288
1.2163
1.903
0.34007
0.57206
1.2607
1.0378
0.71905
0.70016
1.6498
1.3168
1.3236
0.39361
0.7386
1.265
0.62643
1.5192
2.3439
0.75946
1.0156
0.91618
1.1377
0.82559
1.1557
2.2684
0.2792
0.83918
1.2285
0.34944
1.4552
0.79443
1.3304
0.18713
0.23757
0.84259
1.3372
0.58416
0.52792
0.85688
0.42252
0.42171
0.74937
0.49448
0.8619
0.50146
0.33139
0.21109
1.4249
0.68392
0.53687
1.2869
0.90138
1.1095
0.91108
0.62108
1.1723
0.36987
0.78946
0.3028
0.87393
0.99288
0.605
0.52773
0.30986
1.6661
0.494
1.3359
0.42767
1.4298
0.84213
0.41845
0.73973
1.1352
1.0076
0.79166
0.25256
1.123
0.66827
1.8102
0.52738
1.294
0.82102
0.72401
1.1963
0.84966
0.28759
1.0073
1.6601
0.70713
1.3222
0.67826
1.0152
0.60787
1.7029
1.0574
0.69978
0.13163
0.88781
1.1718
1.8141
0.75587
1.7565
0.25344
0.88873
0.3737
0.27524
0.61921
1.0146
0.4702
0.74243
0.6207
0.73522
0.30878
0.32738
0.88574
1.3049
1.056
1.9335
2.2221
0.46769
1.1902
0.48216
0.4737
1.2588
0.84254
0.40307
0.68478
1.2402
0.16614
0.78865
0.42515
0.45154
0.76753
0.92054
1.109
0.46886
0.1063
0.8225
1.2871
0.78361
1.1796
0.96832
1.2558
0.49101
0.86504
0.86527
0.57534
1.4338
0.22461
0.55507
0.69299
0.75955
1.2163
0.34941
0.81576
0.93314
0.50448
0.60055
0.098855
0.72299
1.3623
1.4262
1.3304
1.6486
0.98999
0.56543
0.97155
1.8231
2.2749
0.64911
0.53305
1.6413
1.0397
0.83569
1.0795
0.63045
0.4612
0.62468
0.26794
0.66931
0.74634
0.09678
1.7055
1.5698
0.1988
0.95016
0.61476
0.94937
0.070859
0.42055
1.1843
0.93591
0.99715
0.48316
1.8544
0.47703
1.8384
1.998
0.89677
0.42109
0.47766
0.25537
1.2661
0.38433
1.1676
1.6789
0.17838
1.6509
1.2131
1.8463
1.4343
0.62098
1.8881
0.40035
1.1247
0.92886
0.65246
0.28574
1.109
0.18375
0.49921
1.5652
1.3119
1.2881
1.5201
0.30728
1.74
0.30706
1.4503
1.0195
1.2091
0.76061
0.74588
1.0931
0.50685
2.0684
1.1489
0.26522
0.41997
1.9435
0.18708
0.95996
0.81434
0.55897
0.7694
0.13
0.79164
0.66651
1.0434
0.13351
0.34785
1.4959
0.69103
0.37144
0.72775
0.51683
0.53911
1.4386
0.67186
0.31844
1.0475
0.84353
1.2206
0.51882
0.95099
0.20177
0.70027
1.0196
1.2522
1.6024
0.73188
1.1544
0.73372
1.8164
0.33052
1.3196
0.57201
1.4601
0.86063
0.54541
0.79259
0.67377
0.20864
1.1893
0.68109
0.54114
0.39944
0.63182
0.17811
2.4197
1.5894
0.75243
1.0423
0.70656
1.4436
0.73617
0.37624
1.4265
1.0057
1.5551
1.3037
0.69991
0.2761
0.55094
2.2913
0.88929
0.76976
1.0099
1.9199
0.63034
0.62414
0.9857
0.91307
0.7933
1.7199
1.2098
0.92366
1.3951
0.1093
0.40592
0.27322
0.36936
0.9643
0.98766
1.913
0.5052
1.0216
1.2725
0.60989
1.2454
1.4812
0.24342
0.39555
0.38418
1.4396
1.2132
0.41127
0.4633
1.1339
1.0804
0.98285
0.93335
1.649
0.23302
0.48518
0.65383
0.15821
1.4264
0.81361
0.79464
1.4234
0.66321
0.94773
0.6071
0.60287
1.0946
0.42875
0.51066
0.11497
0.70053
1.0031
1.3756
0.15684
0.58972
0.51557
1.3151
1.1937
0.31684
0.55635
0.36593
1.1479
0.40047
0.43397
0.35825
1.7098
1.1757
0.39761
0.21955
1.4241
1.0959
1.72
0.77739
0.91023
1.275
1.2596
1.5512
2.3236
1.2946
0.65476
0.71971
0.24381
0.66781
0.89462
0.98792
2.1758
1.2367
0.90208
1.0396
1.4018
1.5575
2.3645
0.47546
1.1069
0.5836
0.9017
1.1032
1.1572
1.1358
1.6148
0.48265
1.0966
1.7289
1.0442
0.38481
1.3729
1.0829
0.79576
0.78577
0.47963
1.6735
0.41372
0.26731
0.5248
1.4608
1.4394
1.0973
0.9881
0.64905
0.40796
0.50038
0.59862
0.85827
0.96749
0.77415
0.72052
1.6792
0.29024
0.85358
1.6153
1.0347
0.78413
0.70879
0.50259
0.64286
0.64964
0.7406
1.1166
0.5019
0.8067
0.86818
1.4459
0.41491
1.3646
0.5155
1.7425
0.51935
1.0239
0.88136
1.7394
1.1075
0.54213
0.27722
0.53306
1.3891
1.0288
0.33515
1.3977
0.4014
0.85972
0.27727
0.78331
0.79904
0.41459
1.3103
1.1343
1.3623
0.49316
0.69888
0.6785
0.5594
1.4608
0.16238
1.4435
0.32165
1.5924
0.36681
0.70905
0.4067
0.57899
0.20234
1.2813
1.6088
1.5733
0.1993
0.18809
0.2648
0.61283
1.4065
0.65898
0.94749
0.59303
1.2219
0.066407
1.5129
0.44806
0.61409
0.96356
0.33906
0.98064
0.89859
0.36949
0.34948
1.2535
0.47786
0.60745
0.6912
0.95109
1.387
1.7517
1.1848
1.3246
1.1604
0.21046
0.70432
0.70474
1.1764
0.49201
2.1176
1.4463
0.66384
0.32203
0.97664
0.51464
0.34444
1.6055
1.021
0.19149
0.7606
0.40378
0.40053
0.56845
0.23576
0.60118
1.6431
1.1125
1.2742
1.3598
1.1032
1.1648
1.2373
0.8015
1.0661
1.1209
1.6033
0.34938
1.4083
0.63725
2.5824
0.34133
0.83456
0.2543
2.0192
0.60048
0.50062
0.65342
0.77134
0.81175
0.95077
0.78425
1.1384
1.3649
0.35361
1.2929
0.91135
1.0066
0.35591
0.47074
2.2636
0.72691
0.94841
1.8643
0.91567
0.9401
0.3488
1.2182
0.16014
0.82076
0.44339
1.2615
1.2848
0.34167
0.55793
0.53355
0.95215
0.57099
0.93545
0.11619
0.78609
0.92667
1.6265
0.40938
0.64758
1.0008
0.59757
1.1385
1.3897
1.0901
1.4799
0.13014
0.45795
0.87166
0.98311
0.60623
1.502
1.8872
1.2704
1.1549
0.11268
1.2557
1.711
1.5658
1.0134
0.42521
1.8813
1.4209
1.2962
0.22529
0.055831
0.22523
0.20356
1.2182
1.1598
0.97876
0.36445
0.20435
0.67895
1.1304
1.5411
1.2642
0.54432
0.61901
0.79747
0.42119
0.87346
1.064
0.72959
0.66858
2.0115
1.8177
1.7023
1.658
1.6248
0.18937
1.577
0.88706
0.21164
0.82221
1.2487
0.039347
0.17479
0.62912
1.6032
1.246
1.7562
0.82571
0.22611
0.74091
0.90677
0.71238
1.2407
0.6298
1.0618
0.67489
1.0169
1.3712
1.572
0.55021
0.42123
1.0006
1.4364
1.6164
0.33771
1.2037
0.51479
0.84815
0.47709
1.0843
0.82226
0.4629
0.53597
0.38573
0.76933
0.47813
0.2268
0.54152
1.6676
1.288
0.54076
1.4881
0.15342
0.50701
0.075613
1.0714
0.55613
0.45158
0.93728
0.89777
0.74252
0.5205
0.69264
1.0751
0.47027
0.51981
1.1847
0.8236
1.3846
1.4292
0.64384
1.6168
1.2656
0.40205
0.71962
0.6242
0.18888
0.46515
0.53505
0.47444
1.138
0.94054
1.1387
1.2401
1.121
0.61564
0.91267
0.76174
1.2672
0.70317
0.48721
1.6703
0.10525
0.68961
0.16109
0.39627
1.7987
0.89923
1.0627
1.3655
0.36699
1.0216
0.95749
0.30508
0.95961
0.86289
0.33454
0.61211
0.64461
0.5052
0.46099
1.0704
2.1568
0.29943
1.5257
0.38186
0.20765
0.3808
0.62823
0.76596
0.89191
1.053
1.5592
1.0507
0.40611
1.583
1.4024
1.1168
0.43441
0.76757
1.0669
0.49887
0.36162
0.74879
0.76207
0.58438
1.0499
0.25367
1.4634
0.48
1.053
1.4719
0.77378
0.65547
0.69943
0.53402
1.3477
0.50741
0.50939
0.39632
0.7818
0.72133
1.1555
0.83767
0.092823
1.4162
1.052
2.0472
0.45857
0.56392
0.47103
0.95703
0.44636
0.60656
0.29742
0.66625
0.6431
2.0756
0.38294
1.2925
1.1529
1.307
0.78532
0.81028
0.59619
0.49256
1.1681
0.29782
1.0564
1.3168
1.2143
1.4034
0.74419
0.66549
1.1791
0.72613
1.0098
0.57366
1.0449
0.85913
1.2235
0.92576
0.68931
1.5472
1.3794
1.3785
1.5562
0.62342
0.76983
0.46454
0.95721
0.74513
1.1416
0.70714
0.30153
0.74762
0.12198
2.0033
0.88017
0.82788
0.58021
0.60844
0.085641
1.1462
0.7719
1.6818
1.1748
0.78712
0.84738
1.0906
1.3999
1.0357
0.41893
0.67977
1.1842
0.85853
0.083132
0.56515
1.88
0.77002
0.66955
0.98614
1.1688
0.76347
0.53047
1.5294
0.93505
0.83635
0.39067
0.72024
0.66862
1.6854
0.85054
1.4312
0.6296
0.51502
1.4475
0.57541
0.61701
1.8416
0.26945
0.79524
1.262
0.7495
0.60998
1.1532
0.91346
0.49667
0.2824
0.96504
0.97034
0.63745
0.21543
0.29142
0.99929
0.75806
0.47186
0.32746
0.28059
0.94026
1.2622
1.2686
2.4275
0.12879
0.28787
0.50344
0.47985
0.77126
0.58352
1.6646
1.6692
0.70728
1.1828
2.51
0.51606
0.92447
0.10243
1.6296
1.4434
0.17915
0.36193
1.194
0.81351
1.5941
0.67319
0.69583
0.62166
0.41812
0.51291
1.705
1.5815
0.78142
1.0643
1.187
1.9499
1.3298
0.22426
1.041
0.83511
0.99685
0.64316
0.87421
0.33686
1.1614
0.62067
0.79567
1.7535
0.62315
1.0998
1.5002
0.87196
0.6183
0.49848
0.43497
0.92112
0.82739
0.6748
0.56501
0.94043
1.0158
1.0652
0.8782
0.63984
0.66103
1.0332
0.7271
0.40795
1.3139
1.1025
1.7559
0.47241
0.47753
0.96285
1.0675
0.09026
0.77213
2.0563
0.38959
0.72194
0.3863
0.50225
1.5016
0.96484
0.15591
0.81999
0.96579
0.76701
0.1577
0.89622
0.38222
1.3948
1.5319
1.0278
1.6189
0.77974
0.18766
1.1264
1.5887
1.3876
1.3467
0.78665
0.87019
1.1519
0.62748
1.4433
1.1744
0.72735
1.0231
0.80536
1.0455
1.9363
0.95504
0.82694
1.4295
0.6996
0.19295
1.553
1.0842
0.79772
0.89681
0.24883
0.57181
0.55133
0.66906
1.8285
0.66616
1.0695
1.5138
1.5854
0.3209
1.1728
0.83868
0.97286
1.1547
1.1555
0.59779
1.6939
0.48718
1.109
0.41836
0.85109
1.2061
1.2295
1.0759
0.067699
1.2905
0.40242
0.41197
0.79879
0.63888
0.99764
1.0712
0.45861
1.5089
1.244
0.89805
0.97493
0.50532
0.86375
0.47662
1.9221
0.029331
1.1234
0.514
1.8305
0.37262
0.5451
1.4879
0.37836
0.44339
2.3611
0.6443
0.67697
1.2483
0.91243
0.26312
0.88456
1.4856
0.62115
0.16934
0.91189
1.1982
0.3456
0.21996
0.96818
0.51968
1.5173
1.2234
1.5093
1.9605
0.81231
1.1628
1.8396
0.53676
0.78296
0.35443
0.75983
0.17835
0.53328
0.22814
0.55019
1.1548
1.5609
0.61404
0.45842
1.3754
1.0765
0.84819
0.59288
0.71929
1.7065
0.17106
0.74463
0.74455
0.74138
0.71365
1.4124
1.8315
0.9393
1.1395
0.60957
0.12047
1.1827
0.51587
0.63677
0.78932
0.32369
0.63646
0.78099
1.5544
1.8929
0.20258
0.55825
0.34028
0.33264
0.47986
0.79062
1.0353
1.127
0.86347
2.1814
0.92528
0.57559
0.94355
0.70939
0.72535
0.14706
1.1347
1.7753
0.37217
0.3449
0.99448
1.3801
1.3327
1.3473
0.72029
0.40099
1.7666
0.72625
1.1812
1.2333
0.56289
1.303
1.4952
0.88973
1.2812
0.99447
1.3016
0.34666
1.2427
0.7817
1.3417
0.89574
0.4419
0.86581
0.35832
0.64882
0.77566
0.81037
0.92457
0.45619
0.66567
1.3005
0.047946
0.84655
0.82149
0.51861
0.62742
0.56673
1.2263
0.97954
1.03
0.41492
0.15826
1.1248
0.15726
0.71219
1.295
0.87711
1.4443
0.59726
0.52586
0.85703
0.61732
0.57551
1.244
1.4011
0.85588
0.024353
0.35627
1.8017
0.22964
0.33664
1.2448
0.13497
1.1697
0.6834
0.81012
0.83876
1.1832
1.6591
1.3346
0.63887
0.58994
0.39124
1.1445
1.9482
0.76365
1.2707
0.2883
1.1361
1.2142
0.81086
1.1672
2.0312
0.15426
0.32668
0.20407
0.41107
0.98237
1.5532
0.55764
0.61797
0.91215
1.3941
1.0865
0.62064
0.82782
0.55529
0.65866
1.6403
0.072915
1.3071
0.88065
0.76059
0.64908
0.45605
0.50312
1.1025
1.309
0.41482
0.65112
0.70547
0.85982
0.70122
0.98596
0.37878
0.8564
0.87995
1.0948
0.76768
0.74278
1.3916
0.57167
1.2685
1.129
0.59884
1.2875
0.92893
1.2537
1.4055
0.45397
1.0552
0.85601
1.6441
1.5813
1.0712
1.0754
1.0414
0.65161
0.93112
0.42874
0.36665
0.77356
1.0415
0.78264
1.1762
0.9996
0.40355
0.38042
1.6131
0.23788
2.0442
1.5921
0.53157
0.99325
1.2504
0.42287
0.39121
0.50777
1.0273
0.18145
1.06
0.75664
1.2279
0.72979
1.0723
0.59129
1.6231
1.5481
1.2995
1.2835
1.3619
1.1404
1.3038
1.8286
1.6265
1.9485
0.69924
1.1427
0.86932
1.3187
0.45757
1.9865
0.8167
0.29298
0.53857
0.49891
1.0033
0.19375
1.0177
0.36765
0.55505
0.92836
0.81551
1.0446
1.472
0.48973
0.8624
1.393
0.84889
0.31254
0.9066
0.64749
0.88051
1.468
1.0258
1.1005
2.2993
1.3388
0.36606
0.55476
1.6312
1.3792
0.24957
0.35605
1.0606
0.87723
0.57578
0.92064
0.78977
0.22582
0.83491
0.44888
0.55398
1.3579
0.48339
2.0716
0.56892
0.84165
1.0423
0.53036
0.58944
0.90287
0.44329
0.4509
0.4507
0.83128
1.3452
0.73336
0.30867
1.1132
1.0188
1.0532
0.56458
0.59919
1.1302
0.37754
1.5689
1.6382
0.17962
0.68548
0.51101
1.3886
1.0765
2.7073
0.7621
0.28474
0.89942
1.0256
0.81692
1.5543
0.51911
0.97249
1.3826
0.9769
1.1402
1.0984
2.1125
1.1966
0.87887
1.4
0.98927
0.89034
0.80053
0.77155
1.0495
1.2399
1.3795
0.76092
1.0549
0.65203
0.48368
0.45783
0.61755
1.1242
0.80787
0.77107
0.85475
1.3961
1.036
0.38094
1.1829
1.2959
0.80118
0.98018
0.41136
0.58642
0.61492
1.0825
2.0585
1.0622
0.53692
1.2246
0.21369
2.0403
0.45582
1.2743
1.1708
0.89402
0.73495
0.72206
0.18318
0.86153
0.68928
0.69465
0.69423
0.99165
0.6037
1.0902
0.98527
0.52806
0.82413
0.69718
0.95451
1.2726
0.82749
0.86878
1.4041
0.87164
0.85674
1.7794
1.5472
1.0698
0.068154
0.6933
0.52916
1.1344
0.79209
1.9469
0.44067
1.1929
0.65387
0.681
1.3545
0.5275
1.0503
1.2011
0.58429
1.0569
0.81444
0.91601
0.47398
0.7816
0.29281
1.404
0.32201
1.1342
0.24075
1.6531
0.77204
2.1007
1.4021
0.39426
0.6696
0.43182
0.59834
1.4027
0.63409
0.87299
0.27737
0.3493
0.58888
0.66407
1.1664
0.59298
0.55412
0.51909
0.96411
1.6662
0.59691
0.96297
0.42382
1.1873
0.19889
0.31292
1.0693
0.51473
0.52962
0.71875
1.3953
1.7492
0.38386
0.72351
1.5906
1.1823
0.40753
1.6208
0.45287
0.35063
0.99679
0.47192
0.45814
1.3126
0.60404
0.64346
0.099936
0.97897
0.56037
1.6045
1.611
0.79101
0.9772
0.99006
0.16569
0.58152
1.0304
1.1881
0.52931
0.34971
1.0294
1.6161
0.76992
0.93564
1.2223
0.85888
0.83339
0.71132
1.1191
0.78548
0.80924
0.85892
0.73694
0.96926
0.2877
0.62529
1.1103
0.19248
2.0276
1.2267
0.43343
0.49995
1.0931
0.38104
0.27469
0.53454
0.90321
0.7819
0.36525
0.15096
0.71991
0.73048
0.35274
0.48398
0.81782
0.7733
0.66861
1.0513
1.0546
1.3812
0.56447
0.99829
0.70723
2.2327
1.405
0.19059
0.57258
0.29741
0.56356
0.83533
0.67119
0.85099
0.94213
1.1381
0.34994
0.31553
0.88402
0.93206
0.77135
0.485
1.6837
0.8741
0.50545
0.59215
0.62534
0.50408
0.88771
1.22
0.25647
0.68811
0.55693
0.42268
0.7211
0.96406
0.69347
0.62437
2.0139
0.55004
1.7047
1.189
0.5621
0.91082
2.5509
1.2315
0.97289
0.56787
0.51491
1.1934
1.8272
0.22108
0.79622
1.3528
1.007
1.132
0.73723
0.66703
1.4593
1.8613
0.85571
1.3675
0.2761
0.94137
0.95222
1.3697
0.36532
0.36175
1.5417
1.0492
0.60499
1.3292
1.0303
1.0038
1.0363
0.29733
1.3285
1.2818
0.1854
0.87993
0.55502
1.5634
1.2392
0.74908
1.0622
0.209
0.72592
1.4557
1.1335
1.388
0.57419
0.52995
0.40615
1.3517
0.92257
0.47019
1.2562
0.6482
1.1124
0.61414
1.084
0.24291
1.1965
0.59868
1.4024
0.8996
0.66097
1.5696
0.81817
1.1788
0.98999
0.72674
0.069492
1.8058
1.1513
1.0939
1.2567
0.67541
0.5785
0.79028
1.611
1.3693
0.61668
1.0475
0.41472
0.2311
0.53427
1.8987
0.54367
1.0433
0.47059
1.338
0.67192
1.394
0.44532
1.3127
1.3108
1.3733
0.91284
0.35754
0.83313
0.75207
1.5606
0.90113
0.59175
0.13551
1.0134
1.4697
1.1604
0.068785
0.42111
0.53628
0.51814
0.15683
0.35182
0.66698
0.31666
0.45807
0.70768
0.39231
1.3609
1.0625
0.82479
0.96606
1.1271
0.34388
1.0883
0.43575
1.3029
0.4016
1.1032
1.8624
0.99578
0.97676
0.39355
0.28395
1.166
0.74005
1.0569
0.86331
0.54492
0.63186
1.6585
0.32146
0.57203
0.90195
1.326
0.9366
2.6912
0.77727
0.75642
1.653
0.97474
0.8266
0.37537
0.53821
0.54168
0.40614
1.1997
1.0422
0.19112
1.3933
1.5059
0.30952
1.4701
0.54334
0.56749
1.4498
0.12333
1.2528
1.1778
0.84915
1.1084
0.57739
0.74484
0.58399
1.5148
1.0765
0.27279
0.33652
0.71623
0.83659
0.43763
0.45123
1.3991
0.70928
0.48477
0.53812
2.1501
1.2818
0.97727
0.90764
0.33758
0.26882
0.71196
0.56224
0.33413
1.0082
1.2614
0.79646
0.27492
1.2494
0.1347
0.93605
1.1464
0.56009
0.79193
0.99022
0.98045
1.2358
0.41018
1.6232
1.0073
1.487
0.30064
1.7906
1.216
1.0229
0.33975
0.85191
1.2504
1.0702
0.32581
2.2279
1.3226
0.51411
1.319
0.82376
1.1067
0.36815
0.44069
0.034332
0.99098
0.82285
0.53822
