2.4821
9.3093
2.6102
-1.0289
1.8168
2.0912
-0.18856
3.5609
5.783
1.9685
0.40845
1.528
3.6569
2.7431
-0.91586
4.1241
4.1657
-0.61758
3.3304
4.5105
4.1306
2.1572
4.8199
0.37316
-0.94683
5.0201
3.2183
4.3652
1.2116
6.2271
1.82
4.3285
0.74757
1.0067
1.1863
2.437
3.8974
5.0356
4.9976
4.1998
4.1762
2.4839
1.8039
2.8393
4.0756
1.8095
6.3436
6.152
4.5612
4.041
1.2546
-1.8756
1.385
0.28353
4.54
6.2573
3.5855
2.1772
0.98063
1.9044
4.4014
2.9413
6.7604
1.2662
-2.3912
3.2856
0.94507
4.0562
3.2994
6.0505
-0.67369
3.9085
4.389
0.3975
5.1221
7.4372
3.399
5.0808
3.3847
-0.035052
4.1427
1.9784
2.3234
3.9689
4.5767
-0.31208
6.2524
4.3868
2.5224
4.9295
1.0722
3.1083
4.7552
2.278
2.5046
1.2395
3.5748
2.4155
2.6132
6.4306
4.0067
1.8704
3.9508
-0.86515
-0.62339
1.757
1.0032
2.0953
4.6959
3.6629
-0.67015
2.3323
6.7112
1.4765
-2.5804
-1.3826
0.52255
4.3862
1.7421
3.4637
2.6157
2.0613
5.9421
0.069323
0.27228
2.3684
4.8432
5.2791
-1.05
4.1199
1.3546
2.3996
-0.92452
2.2043
1.2151
1.4431
5.8873
5.3063
4.0597
0.56065
0.51567
3.5813
-0.92864
2.8035
1.4597
3.7332
0.57754
2.6265
-0.59685
3.133
2.5258
-0.4946
2.5971
3.1959
1.1983
4.6113
1.6148
-0.77638
2.2349
1.0362
1.5552
-0.061907
4.6219
0.23362
2.7214
2.4046
4.0554
1.0167
3.7903
4.7989
2.5085
2.1239
3.8838
2.7691
6.7622
3.2511
-1.1419
4.376
4.3335
0.82283
1.6778
4.6086
1.0143
1.8383
3.4357
0.6546
3.4599
2.8817
6.4811
3.8635
1.748
4.7544
1.9981
5.1018
-0.10004
5.0792
3.8205
4.2082
2.1551
4.474
2.8426
3.6292
1.6692
4.4996
2.8481
4.5647
4.4502
1.076
0.42932
0.95556
1.1251
0.81696
1.315
2.8516
1.5194
4.9198
3.6445
5.2696
3.882
4.2853
4.1394
1.0662
1.583
2.8251
2.6561
4.6696
2.4106
0.87881
3.6897
3.5219
7.9731
5.7842
4.1772
5.1432
2.5058
-0.5056
5.2375
3.2563
6.1939
5.0136
4.6954
2.3095
4.7588
2.2114
3.5417
2.8711
3.6496
7.6899
2.7119
2.1982
5.631
1.653
2.9297
0.5321
3.6407
4.0299
4.1388
2.992
4.2235
2.0197
-0.45436
1.8854
4.6043
6.0078
4.8393
1.8855
3.6973
0.82298
4.2013
3.826
-0.048579
2.3778
6.2736
-1.0051
1.6877
-0.14401
0.89784
-0.3076
3.7388
1.1276
3.1966
4.2606
2.357
4.2553
2.5767
2.424
3.6842
4.9594
2.3146
6.2945
0.5115
-1.2494
3.4511
-1.6421
-2.795
2.6757
3.2285
2.162
2.2791
3.9089
2.045
3.2371
2.1616
2.0309
6.5037
6.7624
3.3608
4.5926
5.5086
-0.17063
-1.8405
5.3709
3.0898
0.11614
4.3809
4.4633
6.7833
2.5657
2.5821
0.72243
-2.1709
1.5805
5.2757
0.83833
3.4644
0.035412
5.8991
5.5565
1.2762
0.88688
4.9335
5.1292
4.826
3.0533
3.6248
3.9358
2.1398
6.9096
1.1325
1.5233
3.0587
3.163
0.83338
0.44397
1.532
2.2624
2.9534
0.39986
1.5864
2.0503
0.86678
4.9891
4.0301
2.301
6.1711
5.3184
2.7234
5.0538
2.5608
2.0471
1.3005
5.6732
6.0909
5.1457
2.7248
5.699
2.7896
3.4224
2.9345
2.127
3.5576
3.5183
0.96759
3.3054
8.2824
3.9927
5.9331
3.5779
2.2306
2.5868
0.15682
1.4461
4.67
4.1418
2.6475
8.5437
6.5189
2.9447
2.7224
4.3402
1.9364
5.1733
3.4802
3.9923
0.61391
3.3097
3.659
0.27099
0.5771
0.76728
4.4652
4.4325
-0.57158
3.2456
-0.24653
3.0424
3.797
-0.93833
5.6592
2.8636
0.5888
7.8713
6.8344
3.7677
2.6074
4.9906
4.7709
-1.8484
1.1697
0.11338
1.9603
5.2144
-0.0044456
2.1122
4.3468
-3.0147
5.9744
-1.1973
2.7681
2.525
3.2739
4.368
-0.10714
5.4557
2.9301
3.3529
0.62191
2.9012
3.6935
3.2151
3.9486
0.54879
-1.5095
2.813
0.76726
2.7783
3.7241
0.10748
-0.58168
1.0698
1.2527
2.5487
2.4297
5.0345
2.703
4.4744
2.4663
0.38161
4.4122
1.5288
-0.17346
3.9527
4.1906
3.9149
1.5028
3.0402
1.4241
3.2273
2.0865
4.3734
2.6052
2.0354
3.403
0.4205
2.5616
0.64864
1.9328
5.1655
3.4626
2.1078
3.7824
3.5769
2.1867
0.47643
6.5891
3.1001
6.2934
2.9058
5.4724
4.1894
2.9852
-0.20126
1.5232
2.2986
4.9653
4.824
3.5495
2.8474
4.0287
1.9121
5.0568
1.5552
0.046597
2.7445
0.011143
3.6205
5.507
0.19484
-0.36732
2.5113
2.8297
5.33
3.6402
3.8541
1.4462
2.9671
5.12
4.3948
2.4781
2.3604
7.8052
3.7623
1.7552
2.1344
3.3372
5.7273
2.4445
3.3242
6.3971
5.1584
2.0542
1.1446
5.4804
2.9487
2.7754
0.25197
-2.3085
1.2382
5.8388
2.0124
1.2908
2.294
4.4006
1.4466
-1.7751
1.5477
5.2257
5.6679
5.3114
3.9353
3.3587
0.86698
4.4208
1.4686
3.9469
0.26219
2.7623
5.5119
2.3818
3.8145
2.8646
2.1581
3.5099
1.9954
4.1444
1.5989
1.3885
2.1384
4.9512
3.9753
4.8249
7.3454
2.281
1.9044
4.7081
2.6328
4.1808
4.4735
4.6551
2.752
6.9102
2.7221
-0.012642
1.7391
4.5809
5.8041
2.2867
6.4559
3.2839
1.9434
5.0424
2.2993
0.57927
-2.8091
4.4769
4.0858
1.0261
0.60202
-1.4543
1.3266
1.8465
4.8293
2.6798
7.1863
1.6561
0.77111
2.4838
3.3644
3.3274
3.3335
3.8601
4.1571
2.3367
0.85059
3.1887
5.2817
7.333
2.7122
0.27655
-0.22991
1.5882
0.41327
2.3279
0.26607
3.8421
6.2642
5.4154
3.2966
3.7645
2.5355
0.77505
0.47727
1.6451
3.467
-0.47441
2.2218
3.3869
3.82
4.2284
7.293
1.8331
4.1115
-0.22298
4.8771
1.973
4.5423
8.504
1.3416
2.3231
6.5241
5.8556
3.8795
2.1639
1.426
0.96593
1.356
3.561
3.5723
6.3294
3.0973
4.0606
1.6152
3.3234
0.51261
4.4421
0.050225
3.2508
5.0636
3.7858
4.1848
2.0309
-2.3852
2.0359
3.7912
-0.076847
1.3607
6.3005
2.7807
3.1429
-0.0086764
2.9059
4.8989
-0.53383
2.2075
2.3723
3.766
5.6936
6.428
4.0442
6.0943
1.771
2.4886
0.74196
7.4726
-0.73395
3.9318
2.2352
3.8989
-0.16313
-0.57161
3.6068
6.9424
3.9714
4.2674
1.5412
3.6675
1.7605
1.6409
1.1893
2.3038
4.7225
7.4584
3.5496
2.6828
0.16124
4.6131
4.1851
1.2459
4.6998
5.6582
2.0123
2.9548
5.9911
2.4687
4.1359
2.2006
2.9959
-1.0612
0.92215
2.8994
1.5297
-0.79082
4.2185
2.041
4.5023
1.0393
-1.4747
6.0217
2.1808
2.8762
1.6557
2.2702
5.7465
5.1931
1.5684
3.948
2.2179
2.4463
2.0292
1.9659
6.4861
2.6822
4.5367
3.4122
4.2759
3.2043
2.2113
2.7932
7.219
3.3319
1.7073
2.3771
6.545
0.60739
2.6956
1.4308
-0.21274
4.3094
4.2551
4.5184
4.664
2.0253
3.6911
0.10534
-1.3278
2.6547
5.9882
0.091039
2.0404
6.289
7.2523
6.0596
4.3534
2.1401
4.221
1.8062
5.2258
3.4099
1.1465
3.2218
4.7861
6.1811
0.15253
1.4994
3.6679
4.6087
3.5474
2.2543
10.313
-0.48728
6.4508
2.6846
0.53562
2.1978
5.1532
4.7712
-0.88573
4.6265
3.8563
5.1047
6.3686
-1.8843
5.5837
1.5616
1.491
1.2417
3.4362
2.2968
3.7369
1.4415
6.3511
3.3437
0.75081
3.417
2.7682
5.1555
1.6342
4.8518
4.0035
6.5709
2.8659
5.7346
2.5722
4.7952
0.50478
2.074
3.0834
4.2152
1.3425
2.0817
0.64038
8.3824
1.4723
2.591
-0.47119
0.84675
3.0927
1.3364
3.6429
5.1868
2.1895
5.2921
5.3053
6.536
4.2221
3.0922
6.9828
4.4363
2.8381
2.1452
2.5644
2.4942
1.4215
2.9357
4.1941
2.7941
0.93221
1.7792
4.0111
4.5159
4.5185
1.381
2.0103
0.49316
2.2226
0.92148
0.66168
4.4691
-0.97612
2.4592
4.2638
2.9842
3.4465
3.6752
9.0376
1.7712
4.1863
0.65702
4.9908
4.4679
4.9907
2.1986
2.1466
4.7773
4.0109
6.1131
4.6749
8.2918
5.973
0.31122
0.013626
2.0448
0.43034
2.4364
5.3089
5.4567
1.6811
5.6719
4.18
2.7244
4.6243
5.7563
2.3706
2.9524
3.3498
2.2675
3.9601
3.9941
5.5441
3.1771
1.4726
2.8333
2.7976
2.1163
8.1819
2.2932
3.1207
1.6926
2.9842
2.2607
3.1489
3.516
2.4117
3.5809
8.3821
5.412
4.575
1.1322
4.3712
5.2596
-1.5397
3.5388
8.2681
1.0578
0.80651
5.6931
-0.074766
2.0755
3.7195
2.3151
2.7909
3.197
1.9828
2.9666
0.77979
-1.1271
5.1723
-0.90949
1.9419
6.2393
-1.5191
3.2801
4.9893
6.5838
2.8465
2.5172
-1.0733
3.5336
1.408
1.4713
3.6496
2.682
1.778
0.54962
3.2039
1.2499
1.4338
3.7743
5.5704
2.2676
3.3208
2.0432
3.0245
1.0117
1.2026
2.2204
5.7994
1.4581
2.0611
5.8188
0.94647
4.1747
1.3578
2.881
3.4359
4.2998
2.6368
1.6645
2.5602
5.3577
